15 15 8 10 15 12 10 7 15 0 1 9 7 10 8 11 6 10 13 1 1 11 10 4 0 0 3 11 9 5 10 12 
8 7 1 12 2 14 1 5 7 13 4 15 3 0 7 15 5 12 11 2 3 15 4 11 3 0 8 15 15 8 6 3 
12 4 14 5 10 4 15 0 2 13 3 1 1 1 0 6 2 10 1 2 0 5 1 3 5 9 10 11 6 10 11 3 
11 11 9 1 6 9 6 9 10 5 10 14 4 13 4 1 3 7 1 8 13 9 5 14 6 5 9 1 5 1 5 13 
12 2 3 14 13 10 15 5 11 8 4 13 6 12 0 9 13 7 11 11 12 13 2 5 4 13 15 1 5 4 6 12 
11 14 2 8 13 4 2 6 4 5 7 14 9 14 7 10 15 5 10 5 5 8 10 8 4 15 1 11 0 15 4 0 
5 12 9 3 15 14 8 12 1 9 11 8 5 15 7 4 3 14 2 3 13 1 15 4 8 10 9 13 5 1 8 9 
0 2 7 4 7 8 13 15 0 0 3 11 1 7 13 9 11 13 12 5 6 1 14 6 15 11 1 4 5 2 11 11 
11 6 4 1 9 15 2 11 2 8 5 4 7 14 9 10 12 6 4 6 0 12 5 13 3 4 6 0 15 3 6 6 
12 9 8 11 8 14 8 5 11 10 8 7 10 12 13 2 15 12 15 2 6 2 1 14 8 11 10 5 9 14 0 13 
7 5 2 6 15 11 9 4 7 4 5 1 5 1 7 7 15 15 3 6 1 6 10 3 9 7 4 12 7 11 2 9 
10 7 11 5 6 14 8 5 12 1 7 10 7 13 1 4 1 4 5 7 10 6 5 7 3 3 6 15 12 14 9 3 
3 10 0 11 13 11 13 8 1 9 9 7 8 11 9 10 2 15 10 4 11 11 1 1 4 14 12 7 6 1 0 8 
