13 10 12 11 0 10 9 5 7 13 8 5 14 8 6 8 8 7 11 4 15 13 5 4 2 12 12 12 1 8 2 1 
9 7 9 15 7 2 15 4 1 2 3 15 14 6 11 2 3 0 13 8 6 1 8 15 2 14 10 12 9 15 1 6 
3 3 2 10 2 15 4 0 11 12 13 2 15 2 7 0 1 10 13 10 2 5 3 14 3 7 6 6 12 3 3 1 
8 9 10 9 8 15 6 15 13 2 1 13 0 4 13 5 9 4 4 7 11 1 8 4 13 9 7 3 15 11 12 1 
5 9 2 15 8 2 2 9 1 15 3 8 11 12 7 14 10 0 7 5 12 5 9 14 9 0 3 9 0 10 10 4 
10 1 15 14 8 5 14 6 13 11 2 14 13 10 6 15 9 10 2 9 5 13 0 4 6 3 3 9 6 2 12 7 
5 10 14 7 14 9 15 1 8 4 6 7 9 6 13 5 1 2 12 2 5 4 13 12 5 12 6 3 5 4 1 15 
0 12 9 7 10 14 8 4 6 0 3 14 10 7 3 10 4 13 2 5 7 15 4 6 1 9 1 14 4 9 15 6 
12 5 7 0 6 11 12 11 9 10 7 14 2 1 5 0 5 9 3 0 5 12 1 3 10 8 9 3 15 3 13 8 
10 5 15 0 9 9 4 0 7 13 2 14 0 7 10 6 0 2 3 3 7 10 7 0 7 7 8 15 5 14 9 5 
0 5 2 5 10 13 4 14 8 4 3 6 12 13 6 8 10 0 2 9 12 3 12 15 8 0 10 3 7 4 7 0 
2 15 8 8 15 0 3 10 0 7 11 15 14 10 11 1 8 13 5 9 15 3 4 15 10 4 7 6 5 1 1 3 
5 6 9 14 8 1 10 3 15 5 11 12 15 15 2 1 2 7 14 4 0 0 2 8 7 11 12 15 13 5 10 0 
