14 14 14 8 5 4 7 14 13 0 3 5 11 8 14 6 13 9 13 12 0 13 5 10 8 14 11 4 13 0 1 0 
12 5 10 13 2 1 3 7 11 1 2 11 2 11 10 3 10 1 1 5 10 11 3 5 11 15 5 14 13 7 2 6 
9 13 7 9 0 1 12 12 5 14 0 1 11 11 2 11 15 2 1 1 5 3 13 2 9 14 0 13 15 11 9 14 
7 12 10 2 3 11 13 5 11 6 3 8 15 2 10 12 0 14 4 6 0 8 8 4 12 10 1 2 9 3 7 10 
7 9 6 8 5 14 14 14 10 1 1 4 15 8 13 1 14 8 13 10 2 7 0 0 4 13 6 14 11 15 7 0 
14 4 2 8 14 7 8 1 1 14 5 14 9 12 4 1 13 4 3 8 6 5 0 9 5 4 10 8 6 9 4 14 
6 11 13 6 4 7 8 2 2 13 11 13 3 4 12 11 5 2 4 4 14 11 6 15 4 11 13 10 10 4 15 0 
15 9 0 4 5 9 7 7 6 14 2 8 4 2 1 13 8 8 2 7 6 9 11 15 10 13 15 12 0 7 7 6 
1 13 4 12 1 15 13 7 15 13 5 10 14 8 7 14 1 3 0 4 8 11 8 9 4 5 7 2 14 1 6 1 
10 15 14 0 11 3 14 0 12 13 7 11 0 9 5 9 2 4 0 6 1 5 12 10 6 9 1 7 8 9 2 5 
11 2 0 0 5 3 3 5 0 10 0 0 11 11 7 13 5 8 8 6 9 0 15 12 12 13 3 10 1 7 12 5 
15 10 5 8 8 11 0 14 11 11 6 9 5 9 13 4 11 0 6 11 12 2 15 5 7 11 4 7 13 4 12 7 
3 10 8 14 1 3 0 10 13 13 15 12 14 4 5 15 15 9 8 5 14 7 7 13 5 9 6 9 15 14 7 13 
