7 3 1 5 4 13 2 7 4 8 8 6 13 11 15 4 8 6 15 2 3 7 9 14 14 14 3 8 10 12 6 14 
5 11 0 2 0 2 6 6 6 6 12 4 7 5 1 4 8 10 2 13 1 7 3 1 7 12 14 9 2 7 11 3 
12 15 7 5 12 10 3 15 7 11 10 10 1 2 15 10 1 2 14 15 15 5 8 0 2 15 3 0 3 12 0 2 
13 3 10 13 4 11 5 15 9 13 5 4 3 8 6 8 9 10 2 13 0 4 14 3 4 6 8 13 6 10 10 13 
7 7 15 12 5 11 1 4 11 15 9 13 4 3 4 2 15 15 0 6 2 15 8 1 2 9 10 13 5 9 8 13 
4 15 0 9 14 3 6 0 1 6 2 7 7 9 1 15 0 0 14 0 7 6 13 4 10 13 2 4 5 15 15 9 
11 14 1 2 8 9 12 8 9 5 10 8 6 12 0 6 10 8 6 4 9 4 5 15 7 9 8 9 6 1 12 4 
12 4 11 10 1 7 4 10 0 4 2 4 10 2 5 3 3 3 11 4 2 3 0 3 3 4 9 7 9 14 2 6 
4 10 6 3 5 13 13 2 3 4 6 14 3 6 10 9 5 9 9 7 13 11 11 1 2 6 0 13 6 8 6 3 
7 6 5 9 5 11 0 11 15 2 7 2 0 8 2 11 11 7 15 15 14 2 15 12 4 8 10 15 5 11 5 10 
6 1 3 11 11 8 10 13 14 2 8 9 6 9 9 11 4 6 14 4 14 3 2 12 9 12 15 0 15 4 14 8 
11 4 3 9 15 5 2 5 3 14 7 4 7 8 9 13 5 4 6 3 10 0 6 12 3 12 5 7 3 11 0 15 
3 5 7 8 11 0 2 1 0 7 13 13 12 7 7 8 5 5 0 2 1 14 3 8 4 1 7 8 3 2 6 5 
