1 12 1 6 10 15 3 3 5 14 15 0 1 14 0 11 10 3 9 9 9 15 1 14 5 8 2 11 1 3 10 8 
3 9 14 12 6 12 10 5 0 12 0 0 4 7 10 0 12 1 14 2 9 13 7 3 12 9 1 1 8 7 14 13 
11 8 2 4 5 11 8 6 12 0 10 13 5 5 9 15 2 7 2 1 5 1 15 8 12 0 13 11 0 13 9 13 
0 3 15 6 6 0 6 10 13 12 14 14 5 15 5 9 8 5 5 5 12 0 5 12 9 4 10 8 7 11 7 8 
1 9 2 4 4 7 5 3 10 10 5 7 10 12 10 6 15 6 6 14 7 11 1 9 15 7 7 11 11 1 11 8 
3 11 12 1 3 2 4 2 12 7 8 10 10 12 1 14 8 0 14 0 2 0 0 9 6 9 4 4 11 1 15 10 
0 3 4 5 4 1 5 7 15 12 0 4 0 10 1 13 12 6 6 5 0 11 7 15 11 12 7 13 15 3 13 4 
2 6 7 7 6 15 14 10 12 1 8 6 3 12 12 3 8 13 3 14 8 10 8 8 15 15 11 13 5 13 10 15 
9 11 14 14 3 12 2 15 7 7 13 8 14 3 7 5 1 10 15 2 12 2 8 7 6 8 3 12 4 6 7 0 
4 8 1 6 11 5 11 0 10 4 11 4 8 12 4 1 13 2 12 10 11 8 0 0 12 13 14 14 8 6 10 2 
14 10 3 6 6 1 15 14 8 1 0 8 8 12 8 7 11 3 8 12 0 9 3 0 2 13 12 6 13 6 2 4 
0 8 10 15 5 13 9 13 6 11 3 7 15 12 7 7 14 1 14 5 15 4 6 6 3 2 5 10 10 14 12 1 
0 11 8 11 4 1 2 11 1 15 13 11 5 5 5 8 5 2 7 14 0 6 14 10 8 6 11 6 10 0 5 3 
