11 7 9 1 6 12 15 14 12 3 12 2 0 0 10 0 2 15 7 15 1 10 15 4 14 14 14 2 14 8 8 8 
5 9 5 3 11 14 7 1 4 12 5 12 5 9 13 4 11 5 9 8 5 4 10 5 5 15 7 4 1 6 8 1 
9 15 14 13 2 15 6 13 8 1 11 10 9 6 6 2 11 9 5 6 4 12 7 11 1 1 7 6 5 2 14 11 
13 11 9 14 7 0 0 13 4 0 13 0 6 0 1 5 7 15 12 4 15 4 14 10 12 11 9 13 1 10 5 15 
3 7 2 10 13 15 6 9 2 14 13 5 10 0 12 10 8 0 9 6 7 8 6 12 3 4 13 0 1 5 12 3 
4 15 7 15 13 14 13 6 12 12 9 0 11 4 7 12 2 10 1 14 10 10 0 6 4 1 11 12 8 4 11 9 
12 11 10 1 9 8 8 15 15 8 2 15 8 7 14 11 14 0 10 1 3 13 7 5 3 1 14 6 8 14 12 12 
9 13 14 7 2 6 9 14 11 9 10 3 4 2 2 2 11 13 3 6 2 6 3 4 2 13 12 14 13 4 2 7 
14 5 10 1 11 11 12 8 1 11 10 6 15 12 12 2 2 6 11 1 3 12 2 15 7 8 11 12 9 13 11 12 
12 10 10 15 9 8 3 6 14 15 4 2 15 0 13 10 6 7 10 1 2 13 11 11 11 4 8 1 7 4 0 12 
9 9 10 4 0 15 15 3 6 13 8 0 11 12 1 5 12 10 9 10 7 7 2 7 10 6 6 1 10 11 15 8 
6 11 10 3 4 5 13 7 5 11 1 14 10 2 12 2 13 14 10 9 11 10 6 11 2 7 4 10 9 1 4 11 
7 14 0 1 10 13 9 3 8 1 14 1 7 3 4 7 11 8 10 8 13 13 12 14 8 12 15 11 10 2 3 7 
