8 15 3 13 0 0 6 8 10 8 11 3 9 8 4 7 15 3 2 10 10 11 12 1 12 9 2 1 5 9 5 13 
14 11 15 11 0 0 1 0 3 7 13 14 5 5 13 9 6 12 10 8 3 7 7 7 14 6 1 9 0 0 11 2 
3 1 5 7 8 4 1 12 13 10 7 10 11 0 9 9 0 13 1 2 0 12 9 15 8 5 7 8 8 1 8 13 
6 1 8 8 13 10 1 10 0 10 7 4 8 7 0 4 13 2 5 7 4 11 14 3 9 5 8 7 12 7 8 6 
14 6 6 7 0 12 8 4 2 1 9 13 6 15 2 14 6 4 3 1 5 15 15 6 0 4 1 6 8 2 12 15 
8 4 15 0 13 13 9 7 1 13 5 7 6 13 14 13 6 12 15 3 3 9 7 11 10 3 6 8 9 15 0 5 
6 14 1 4 13 1 3 15 0 0 3 7 11 11 1 15 1 10 7 1 15 11 5 11 15 0 2 8 7 1 3 9 
4 12 0 13 8 9 3 6 5 15 8 0 8 1 5 8 8 9 5 4 2 1 14 7 8 4 7 15 1 5 6 13 
10 5 2 11 2 6 13 6 5 11 6 0 14 10 9 13 15 11 12 6 14 3 12 6 0 2 12 8 8 14 0 15 
7 9 9 12 2 7 11 5 1 14 0 2 15 13 10 14 15 12 8 9 9 11 8 6 9 6 2 3 3 15 11 7 
6 12 14 4 0 8 2 5 0 9 2 2 2 11 6 12 9 14 11 1 6 1 8 10 11 4 9 3 8 0 9 15 
9 11 6 2 0 3 10 2 7 7 5 8 4 4 5 13 4 14 15 11 7 5 4 8 11 7 6 7 6 1 11 15 
11 11 3 3 14 1 4 1 6 0 13 12 9 8 3 13 10 1 1 12 7 12 0 15 4 10 3 8 6 2 8 11 
