12 15 14 12 1 2 8 1 10 13 8 1 4 4 11 10 4 4 10 15 10 3 10 15 8 11 11 14 3 1 6 4 
14 2 12 6 4 5 14 7 8 11 5 4 9 9 8 5 15 1 10 2 7 14 5 15 8 14 3 0 11 14 9 4 
5 13 5 12 9 9 7 7 0 9 1 4 7 7 13 12 8 1 14 3 12 7 2 5 6 13 10 15 2 9 8 7 
3 9 5 10 11 7 15 3 4 10 13 13 4 7 12 10 12 1 14 10 8 13 1 7 9 3 7 13 0 6 0 4 
5 5 5 8 13 14 0 6 0 3 8 5 13 3 9 14 8 7 2 0 0 7 15 14 1 9 15 11 6 5 6 3 
12 12 0 0 0 5 2 9 6 13 2 6 5 7 6 8 1 3 8 6 7 13 10 6 2 13 5 0 5 9 14 7 
8 8 14 1 2 0 5 5 11 4 3 6 15 4 7 7 4 4 1 5 1 10 5 11 8 3 10 3 3 11 14 2 
0 7 0 7 0 2 15 5 7 6 6 10 11 8 5 5 10 3 5 12 13 3 7 1 7 3 9 6 1 10 12 7 
9 4 9 5 1 9 11 9 5 12 11 9 4 2 9 13 15 14 4 9 14 5 6 12 8 8 13 12 15 3 11 13 
13 7 12 13 0 11 6 11 5 9 6 0 9 11 13 4 7 0 1 13 10 13 3 10 0 12 9 4 6 11 3 13 
13 12 6 5 15 13 4 14 13 13 13 12 1 1 8 4 2 10 5 4 12 15 6 7 4 13 8 4 6 11 3 8 
2 8 6 1 4 3 9 14 15 5 7 7 5 7 0 12 14 12 10 3 10 13 3 7 13 2 6 6 9 11 2 7 
0 4 11 14 9 8 4 10 3 13 1 2 12 1 6 7 11 8 13 9 0 13 2 15 1 5 13 2 14 6 9 1 
