4 10 10 9 15 14 5 10 13 2 14 6 12 7 14 6 12 9 12 11 13 1 13 12 6 7 10 10 3 10 2 7 
4 1 12 4 15 7 14 6 0 8 9 8 10 8 10 12 14 14 10 8 13 8 8 12 7 7 3 10 12 10 8 3 
6 3 13 3 11 12 2 9 13 12 7 0 5 0 0 6 8 10 13 9 9 12 11 6 3 1 0 10 9 0 0 7 
15 7 12 0 12 3 3 4 11 6 12 12 14 8 4 10 12 10 14 1 12 5 12 2 10 9 5 3 7 6 12 9 
8 6 6 9 6 4 3 15 0 13 0 12 3 13 12 11 12 0 15 4 6 4 1 11 14 6 4 3 0 6 15 5 
12 6 11 12 6 1 3 13 9 10 12 3 3 15 10 2 8 0 7 4 10 5 10 3 7 12 8 12 7 13 10 7 
15 14 15 2 13 5 2 2 9 6 11 9 4 10 0 10 2 7 11 10 5 11 11 4 9 1 0 10 10 12 10 7 
14 7 5 1 3 12 0 15 14 13 6 1 7 13 7 13 8 13 12 8 14 11 14 15 6 7 3 10 2 3 5 7 
7 14 6 12 1 8 13 3 14 3 7 11 3 12 7 9 13 12 3 7 6 0 12 3 6 7 12 3 4 13 6 5 
5 11 10 2 14 15 7 10 3 12 10 0 13 1 4 6 9 12 0 0 3 10 15 7 0 6 10 5 10 4 6 2 
6 2 6 0 12 8 12 14 6 6 7 7 12 3 15 7 7 11 3 9 6 11 14 15 6 7 2 13 7 8 5 12 
5 4 11 3 8 15 6 14 14 9 3 4 8 1 3 1 3 11 1 13 10 6 15 3 7 12 10 0 14 3 2 14 
15 2 8 0 6 10 11 0 14 9 12 10 6 6 4 4 13 15 10 13 3 14 1 3 8 1 11 9 1 3 0 0 
