3 10 11 3 13 15 10 4 7 9 10 3 7 5 3 5 3 13 12 4 11 14 10 13 0 6 10 12 8 15 8 14 
15 7 9 15 12 8 10 2 0 8 2 11 1 4 1 13 10 11 13 9 9 12 13 7 14 14 13 11 3 2 10 0 
5 12 10 0 10 1 12 2 0 14 12 6 7 1 7 9 1 12 10 5 12 14 1 15 10 8 5 2 15 4 14 6 
10 6 4 15 8 12 6 3 5 3 7 4 12 13 4 15 3 9 1 12 15 5 3 2 13 7 7 15 13 6 2 5 
7 10 11 1 11 14 14 1 1 9 7 13 8 10 5 9 11 4 11 4 3 3 14 8 6 12 15 0 11 0 10 3 
9 2 2 10 15 3 3 0 12 12 1 8 5 2 13 7 14 8 2 6 1 2 14 3 11 11 3 3 5 3 10 8 
10 14 12 11 13 14 10 1 6 1 12 8 5 1 2 6 9 14 1 7 9 1 1 8 7 10 15 13 9 15 3 13 
4 4 2 14 0 1 2 15 13 15 1 15 6 3 3 14 10 9 14 6 8 0 7 8 6 2 10 7 2 14 2 13 
9 7 12 15 4 6 14 8 13 2 14 4 7 15 10 8 10 9 10 1 7 10 4 0 2 6 2 10 2 14 0 8 
7 9 13 14 2 14 14 3 12 4 5 13 4 0 13 15 0 10 4 0 4 3 2 3 2 0 0 11 9 10 2 4 
6 10 3 2 8 9 1 11 6 1 7 1 12 3 10 3 1 1 1 2 14 11 13 5 10 13 11 9 4 7 2 9 
8 7 2 1 3 5 14 14 15 8 6 12 2 3 6 5 11 10 5 11 2 2 11 5 8 6 11 13 1 15 0 12 
15 15 12 7 1 4 4 3 9 6 4 7 15 8 9 0 1 11 13 14 9 2 12 8 8 2 8 13 8 3 12 1 
