13 3 3 15 9 8 5 2 2 1 6 2 10 3 6 9 9 7 6 12 6 14 1 7 4 12 0 6 8 4 1 9 
14 2 10 12 7 5 7 11 12 11 1 6 13 12 1 7 14 1 10 6 8 14 12 1 10 2 11 13 3 2 5 4 
0 7 11 3 15 3 13 9 3 0 10 9 9 12 4 10 0 10 15 14 12 15 5 12 15 6 15 6 4 10 8 0 
5 3 2 9 12 5 1 8 6 14 13 2 6 9 1 6 0 0 5 11 6 2 1 9 3 11 1 13 7 15 8 12 
8 15 8 15 6 6 15 9 13 7 1 6 11 7 6 14 7 14 8 7 0 4 15 0 12 3 6 12 9 15 8 1 
5 5 7 3 11 8 5 9 3 13 12 10 0 12 9 7 6 12 4 4 7 1 14 15 2 8 13 10 8 2 9 7 
8 2 1 13 10 6 1 12 0 0 0 9 11 2 7 0 12 4 14 4 15 5 6 11 4 13 8 5 6 10 3 6 
12 13 8 4 6 12 13 5 4 8 0 10 1 13 14 15 7 12 6 14 12 8 4 5 9 11 14 12 11 12 10 11 
4 12 13 8 10 10 7 0 0 14 9 10 2 13 14 2 15 12 5 11 1 10 7 3 1 12 13 3 3 6 7 1 
6 9 12 11 4 4 12 7 9 14 11 14 9 3 1 15 4 3 5 15 7 10 11 12 9 3 12 0 6 13 14 14 
10 4 15 5 10 0 6 15 12 7 0 9 9 12 13 3 15 7 12 4 1 7 15 7 7 6 9 3 13 9 3 9 
13 14 9 12 3 6 2 13 0 7 15 5 10 8 5 10 8 3 11 15 3 10 5 15 7 3 3 1 13 2 12 14 
0 14 15 1 10 7 12 6 7 15 14 1 0 5 13 13 13 10 10 2 5 7 15 13 0 1 9 9 13 10 8 4 
