9 13 11 1 2 0 0 14 9 11 4 12 10 14 14 6 8 2 9 1 4 15 3 0 4 11 1 15 14 4 0 12 
4 8 7 8 9 9 11 12 12 13 7 0 10 7 8 7 8 8 1 7 9 2 2 6 3 13 5 9 4 9 8 15 
7 5 3 9 13 3 1 12 1 0 1 0 12 12 8 1 11 11 4 9 1 15 1 7 13 8 7 14 13 9 12 12 
8 0 8 13 6 11 0 7 1 7 2 15 15 15 10 2 12 11 13 14 3 1 10 3 7 3 9 14 6 2 2 3 
7 7 9 13 0 7 1 9 6 8 12 8 7 0 9 1 7 8 1 14 12 14 4 6 4 13 14 5 11 5 14 10 
2 1 9 13 1 4 10 7 15 0 10 2 5 3 9 8 14 1 9 13 9 2 12 6 8 15 11 9 1 5 1 3 
3 7 7 8 7 15 11 15 7 8 3 5 0 2 8 7 14 9 5 0 12 2 3 2 1 14 7 4 14 12 4 6 
7 3 14 6 6 15 11 8 5 14 1 13 7 7 7 7 5 15 8 5 7 15 3 8 1 2 12 7 0 9 11 7 
11 13 6 3 5 7 14 7 9 13 3 8 4 5 4 10 4 2 12 15 10 14 15 3 11 3 9 13 11 9 15 8 
6 11 7 0 2 14 5 15 2 7 11 9 2 4 5 9 5 7 8 9 6 2 13 2 4 4 12 6 15 7 11 15 
13 13 12 9 12 1 2 5 6 1 7 2 12 12 2 8 15 2 4 11 3 11 7 11 13 1 12 5 8 9 4 15 
8 3 4 15 1 2 13 10 11 10 14 2 7 10 11 10 11 15 12 12 4 1 0 9 5 11 2 13 7 12 7 14 
2 1 3 1 9 8 12 11 13 6 1 7 15 15 14 15 14 11 10 7 8 4 0 6 14 0 11 15 14 2 1 9 
