4 13 11 15 2 0 11 9 11 12 8 1 13 4 2 3 13 15 8 12 4 11 6 0 13 7 1 5 14 10 10 6 
14 15 5 6 0 8 8 10 9 6 1 6 2 9 4 15 0 5 0 13 12 5 10 13 1 7 2 8 5 14 15 11 
6 3 0 5 3 14 4 15 2 10 8 3 12 11 12 1 6 10 9 14 9 1 4 14 5 7 12 11 8 2 11 6 
11 15 6 13 5 7 9 12 3 10 9 11 2 9 4 2 13 2 1 7 10 2 15 10 9 3 3 0 2 8 0 0 
10 8 9 1 15 5 12 4 3 11 9 14 5 1 6 4 1 4 15 8 0 9 7 6 1 11 2 15 1 1 11 5 
9 12 14 5 11 7 13 6 9 1 3 13 13 8 14 1 1 5 10 6 6 6 5 2 15 6 11 0 3 15 7 11 
8 11 11 3 9 1 7 1 15 15 10 5 3 14 7 0 9 10 0 2 3 4 2 4 13 1 14 11 5 6 12 13 
2 6 0 14 0 4 8 15 14 6 9 0 14 8 10 13 7 0 6 6 15 3 6 15 3 1 6 7 4 9 6 5 
10 10 14 15 8 1 1 12 2 2 1 6 1 12 7 11 0 0 8 11 13 3 12 7 1 11 10 3 2 2 3 0 
1 5 13 11 10 4 13 2 5 4 11 6 10 10 10 14 3 3 0 12 10 9 2 3 9 13 8 15 8 0 10 5 
10 14 10 14 9 14 10 9 8 6 7 7 1 0 0 5 11 2 13 1 10 1 3 5 2 15 15 4 5 5 11 0 
6 11 13 0 14 7 13 8 0 9 10 9 11 7 7 11 4 13 1 10 6 15 0 12 8 4 0 6 15 13 8 7 
6 1 6 7 3 10 2 5 5 5 7 6 5 0 12 8 5 12 8 2 14 1 11 14 13 15 1 6 15 8 10 8 
