10 15 3 11 4 6 8 0 11 15 3 9 9 12 0 14 9 1 2 7 13 15 13 9 7 7 12 5 14 7 12 13 
15 4 12 1 9 8 13 10 0 10 9 0 9 8 13 4 5 15 14 1 7 10 13 5 3 1 9 9 7 15 1 4 
3 2 4 2 4 12 1 15 9 12 7 15 9 2 10 15 6 11 2 8 11 10 3 0 2 8 11 4 7 7 1 5 
2 13 2 15 5 4 7 2 6 3 6 0 3 6 0 5 0 10 8 8 5 11 6 9 6 5 2 15 10 15 12 0 
12 3 7 7 9 14 10 3 9 7 12 6 10 1 3 9 0 9 11 14 0 14 4 8 7 7 15 12 11 9 1 8 
14 11 11 5 13 14 8 1 3 5 3 10 7 8 10 14 0 7 9 8 8 8 10 15 14 13 10 6 13 15 8 4 
8 3 7 4 11 2 9 3 2 3 8 13 4 3 2 15 2 13 4 4 15 11 11 8 4 5 2 9 3 4 11 3 
11 3 3 12 10 11 12 10 14 2 8 15 8 4 1 0 3 1 11 3 12 4 13 10 10 6 1 11 3 13 5 6 
3 7 8 4 6 12 5 15 3 12 2 12 14 14 2 0 8 12 4 9 3 12 2 11 7 6 0 13 9 8 9 3 
10 8 12 13 7 10 9 1 15 13 13 4 13 10 0 8 15 12 8 13 4 14 7 11 3 1 2 7 15 9 11 7 
9 1 7 13 9 0 13 9 0 11 0 1 15 0 11 11 11 12 10 3 15 13 12 13 2 0 7 6 7 2 3 12 
11 4 12 9 13 4 4 10 8 4 12 7 0 1 15 2 6 4 15 15 5 14 11 4 8 12 1 1 3 2 14 13 
14 13 9 0 0 4 0 3 2 11 15 7 12 14 6 9 10 15 7 3 7 13 4 11 13 14 10 10 13 15 0 0 
