4 4 4 4 9 12 6 3 14 7 3 10 15 4 7 0 11 8 12 2 11 15 7 11 5 12 12 11 9 12 14 3 
0 13 7 2 13 9 1 2 5 2 8 13 2 7 15 8 6 5 10 5 8 2 0 8 12 11 13 10 3 1 4 14 
6 6 2 10 15 7 13 12 9 3 6 7 13 3 14 0 4 12 3 14 10 10 8 8 4 14 12 4 11 5 4 9 
12 5 7 11 13 0 12 0 15 3 7 15 2 15 0 2 15 11 3 9 1 15 8 7 2 7 10 11 15 13 0 13 
7 2 8 5 14 7 0 11 3 12 13 15 11 8 4 7 13 14 13 8 8 7 9 10 13 6 7 2 13 1 5 0 
9 13 4 9 13 10 7 14 0 5 11 6 0 6 1 14 6 6 14 1 9 12 1 4 10 4 6 12 5 12 3 8 
15 5 9 14 8 14 3 10 2 10 13 2 7 5 1 3 8 5 9 14 10 2 7 4 2 14 13 12 10 1 7 10 
15 12 12 5 11 3 2 9 6 6 14 7 4 3 6 4 3 13 15 1 11 0 14 12 13 3 7 13 7 5 3 4 
15 4 11 1 15 6 5 9 11 8 5 2 1 10 14 5 3 4 4 14 0 5 14 15 11 5 4 11 10 8 13 5 
5 7 14 14 0 11 15 6 6 0 11 2 5 6 8 7 10 2 2 14 5 6 10 3 7 6 14 7 0 10 0 4 
10 7 8 12 4 4 11 11 3 6 2 0 5 14 5 11 3 12 12 5 10 15 3 6 14 3 11 0 15 14 7 8 
15 2 11 2 5 1 9 0 0 5 11 14 6 6 8 7 4 11 9 15 9 13 2 1 5 10 12 7 5 12 11 6 
8 5 13 12 4 11 8 7 0 12 14 10 0 11 6 3 1 7 3 12 12 15 2 5 6 1 8 5 7 5 10 1 
