0 10 13 3 7 14 14 1 5 3 7 5 9 13 1 10 7 15 2 1 3 4 9 8 8 3 1 7 7 11 4 14 
1 6 3 5 6 12 15 0 9 0 6 0 7 12 9 7 10 1 2 2 9 12 2 4 11 12 15 15 10 14 0 3 
2 0 15 12 1 14 11 11 6 14 15 8 15 2 9 2 8 14 9 14 13 5 2 3 9 5 1 11 4 11 14 3 
9 12 3 11 1 6 13 11 3 9 2 12 14 10 5 4 13 3 15 9 13 7 10 11 1 11 1 9 4 14 15 13 
0 15 8 0 15 6 9 13 7 2 11 1 13 12 4 1 15 14 13 8 6 2 5 13 5 12 12 13 11 6 8 14 
7 4 7 6 11 5 7 1 13 8 12 13 14 3 15 8 6 14 11 14 5 15 12 2 8 14 1 4 4 4 11 11 
8 5 12 2 6 9 14 10 1 3 6 7 2 7 13 9 9 2 10 3 13 8 9 5 8 15 1 1 7 13 5 12 
11 5 1 10 2 12 2 10 3 2 4 11 12 15 9 7 14 7 2 14 14 8 11 6 5 4 3 15 7 10 12 9 
8 14 14 6 12 7 11 3 6 8 5 2 15 5 6 3 11 6 8 12 15 10 2 1 6 9 1 15 15 9 15 0 
8 10 10 14 2 5 4 4 14 4 15 4 14 2 10 0 15 14 12 13 2 0 9 10 11 12 0 8 15 10 11 15 
11 10 0 13 10 7 7 0 2 9 14 1 9 1 11 1 0 6 13 7 14 15 9 0 2 9 13 8 8 12 5 4 
13 15 13 15 1 11 13 7 10 1 12 10 11 5 12 8 8 8 4 0 4 13 3 15 12 2 4 0 10 1 0 4 
12 13 12 8 4 2 8 15 10 2 4 11 8 13 7 12 8 8 13 13 4 12 8 12 13 8 11 14 2 4 15 2 
