8 6 11 14 14 2 4 13 5 9 10 0 15 9 15 9 12 7 7 1 2 1 5 9 4 1 10 8 11 4 1 2 
3 8 15 4 14 1 11 3 4 6 1 4 9 14 9 8 8 1 8 11 0 12 7 0 10 12 12 13 5 13 1 15 
9 2 10 1 8 4 10 9 4 10 13 0 3 10 9 13 15 10 10 3 5 11 0 9 5 14 0 3 0 14 14 7 
15 4 13 5 8 0 6 10 0 2 5 12 1 3 8 6 13 3 2 13 14 2 6 15 11 1 13 15 13 8 14 1 
5 12 4 4 6 10 13 5 1 2 6 3 2 8 7 11 1 0 4 5 10 4 4 0 13 10 5 14 0 9 13 13 
10 7 3 1 14 7 11 6 11 10 3 10 13 15 1 5 6 5 0 1 7 9 7 5 1 4 0 5 0 12 6 1 
5 1 15 7 2 13 2 0 8 15 10 13 2 14 7 13 3 6 0 15 0 7 11 1 15 10 4 15 15 2 14 13 
6 4 12 14 11 6 14 8 14 11 5 0 12 6 15 2 14 9 3 5 8 10 0 1 10 15 3 7 1 1 6 9 
14 4 4 12 6 7 6 4 5 12 6 2 14 5 13 10 9 10 8 15 0 3 11 10 2 1 11 12 11 2 4 3 
10 13 14 1 4 1 5 14 1 11 10 9 9 1 9 10 7 15 7 9 2 0 12 12 11 6 2 0 11 2 2 11 
11 6 12 0 8 10 14 8 6 15 13 11 13 0 2 6 7 9 4 14 10 0 1 2 4 1 0 12 10 1 13 12 
4 11 14 9 14 11 8 1 0 10 10 15 13 0 4 1 7 2 14 9 11 7 9 15 4 2 8 15 13 1 1 10 
13 14 13 13 11 14 13 7 14 12 1 8 13 8 9 10 3 5 3 7 6 1 6 1 2 12 15 5 9 15 1 14 
