12 9 10 5 15 5 14 13 13 12 0 8 4 12 1 10 4 12 0 0 15 2 2 13 2 10 10 5 0 10 13 14 
1 9 3 8 4 3 12 3 10 6 9 0 12 13 3 2 10 8 10 2 14 4 2 1 6 2 8 6 15 14 8 0 
10 12 2 0 0 14 7 13 6 9 4 15 8 5 5 1 13 7 15 2 2 15 1 12 3 5 7 11 1 8 4 8 
2 13 2 9 4 3 11 9 14 4 4 6 3 11 6 4 3 2 7 15 9 4 5 8 1 13 4 11 0 9 7 14 
7 2 7 3 10 4 4 0 9 11 7 5 15 15 1 2 0 1 14 8 14 6 0 1 15 7 1 9 15 15 13 9 
15 14 3 8 9 9 5 15 11 6 10 11 4 12 4 15 7 15 6 7 9 4 5 5 5 7 11 14 10 12 0 8 
12 6 1 10 9 2 15 14 1 13 7 1 3 5 15 1 9 7 15 9 7 6 13 0 15 10 14 3 3 9 13 14 
11 5 13 0 13 11 0 10 10 9 13 0 10 0 15 11 4 9 9 12 3 1 10 5 6 1 3 0 3 2 5 10 
14 11 9 14 11 5 10 6 3 4 10 10 1 11 6 5 7 11 0 5 13 8 3 2 9 3 0 9 14 9 6 0 
5 9 2 5 8 12 8 8 11 11 6 8 3 7 6 8 12 14 5 7 5 14 12 10 13 8 3 14 10 11 13 4 
9 7 14 8 4 10 1 15 8 8 9 9 0 13 3 14 4 15 8 9 8 8 0 1 9 0 15 7 13 12 5 4 
6 15 0 15 5 9 0 7 4 15 13 15 4 11 7 3 8 0 15 13 6 14 2 11 3 8 1 6 8 6 8 4 
4 3 7 0 5 2 12 15 9 5 3 3 15 13 0 11 10 10 11 14 10 9 14 12 4 0 12 14 0 8 8 7 
