14 7 8 2 15 2 6 15 14 11 7 5 4 8 13 0 12 8 3 10 3 12 0 14 11 10 4 9 0 2 4 6 
7 4 8 1 1 12 14 2 0 12 5 6 7 7 0 10 7 7 6 12 14 4 2 1 2 7 13 11 14 1 1 3 
6 10 11 2 6 6 3 5 5 15 3 1 7 5 9 7 5 0 2 15 11 6 1 2 10 12 14 15 0 8 12 11 
2 4 3 12 15 15 3 3 6 9 4 15 11 14 11 7 15 2 5 11 5 10 11 9 12 4 15 5 6 10 0 9 
4 4 4 0 4 15 2 5 9 15 11 9 7 0 7 1 11 5 15 5 15 4 7 9 4 11 1 3 8 7 9 1 
8 14 4 6 1 15 0 3 14 11 13 7 13 4 0 12 0 12 13 11 12 5 10 7 11 8 2 2 7 1 15 9 
12 11 15 2 5 0 8 2 1 10 5 3 9 11 6 14 9 13 15 11 6 6 5 11 14 2 9 5 2 5 6 4 
0 3 10 2 8 3 8 6 6 2 15 2 1 13 13 6 0 8 1 15 4 14 12 12 1 12 1 8 2 11 12 10 
10 2 12 10 11 14 9 14 7 6 4 14 7 13 9 1 13 10 0 0 3 12 7 6 5 1 3 8 13 0 3 5 
11 7 2 2 6 15 11 0 7 14 12 10 15 13 3 4 2 7 5 12 1 1 14 15 6 12 5 14 2 14 8 10 
7 3 12 1 4 0 2 3 1 10 5 7 14 7 3 5 8 14 5 8 6 10 3 0 5 8 3 10 15 0 9 7 
0 10 1 5 7 9 11 6 2 6 3 12 15 4 12 2 6 9 12 3 2 1 13 4 15 1 11 2 14 14 3 6 
3 15 12 13 3 2 3 11 12 5 3 0 1 0 4 1 14 9 0 14 11 2 2 15 12 10 0 5 14 6 9 6 
