4 15 15 9 10 12 5 15 12 4 8 1 8 4 13 9 5 3 5 9 3 13 9 5 3 0 3 14 6 1 13 5 
14 0 5 2 10 15 14 13 12 6 0 14 13 15 9 5 14 4 3 3 4 6 11 4 4 10 4 9 5 6 7 12 
1 1 11 8 6 2 0 14 1 14 6 15 15 9 1 11 6 11 10 2 0 3 5 6 5 9 6 11 15 1 8 10 
12 14 13 10 6 9 13 9 8 13 6 3 15 2 3 14 10 11 13 1 9 12 6 7 12 11 12 6 7 10 8 7 
10 10 13 6 0 15 9 15 4 12 4 12 1 12 13 4 13 8 0 15 7 10 10 7 13 15 11 11 0 3 0 0 
6 4 1 2 0 5 8 9 2 3 5 5 5 1 9 12 7 8 14 2 0 8 0 9 4 11 8 15 3 12 15 9 
4 9 5 15 13 2 8 15 10 13 12 1 5 2 14 14 11 14 5 1 10 10 11 13 0 6 13 0 8 4 5 6 
13 4 0 0 4 3 8 14 2 4 12 9 5 14 5 11 1 6 0 6 9 8 5 7 4 5 0 10 1 4 6 12 
4 1 14 5 5 5 9 4 11 6 1 7 0 12 11 4 11 8 4 6 0 13 4 3 6 3 9 11 5 3 2 7 
4 11 7 4 13 15 4 9 11 12 8 11 4 13 9 12 7 9 7 8 13 2 0 6 3 6 5 15 14 3 9 6 
6 12 6 5 1 10 0 0 3 2 4 7 3 13 11 14 1 6 6 15 9 10 4 0 5 3 1 8 10 3 7 15 
12 15 1 2 3 0 6 13 6 1 3 0 10 7 15 9 10 6 4 13 9 6 9 1 14 3 14 10 6 8 8 13 
4 2 13 14 9 10 0 15 12 3 4 1 13 2 1 3 10 1 6 9 6 6 12 14 8 1 11 5 11 8 11 13 
