6 9 8 12 9 2 9 3 12 13 8 13 3 3 2 0 15 6 15 1 6 7 8 9 6 15 0 11 8 4 12 7 
2 8 12 10 10 5 0 11 12 13 9 4 2 7 13 1 6 1 15 1 13 11 10 2 7 5 1 12 9 2 9 4 
8 9 13 7 14 1 14 3 1 2 7 1 11 0 9 8 5 14 9 3 2 6 13 2 7 13 12 12 12 10 0 4 
5 0 5 5 8 10 9 10 6 10 9 15 7 8 4 8 5 5 1 13 1 8 1 6 1 13 5 10 8 1 1 10 
5 3 1 10 9 10 4 9 10 15 5 15 14 12 2 3 8 12 5 0 3 12 12 2 2 12 6 9 15 15 11 10 
8 9 4 4 12 11 6 2 14 2 5 4 13 10 14 2 8 11 13 13 10 3 14 7 12 8 0 15 5 10 9 13 
6 14 11 11 4 14 7 4 3 12 11 1 5 8 12 7 5 9 6 10 12 11 8 3 13 12 6 1 0 7 6 14 
15 7 4 9 10 0 12 11 15 13 6 10 3 9 15 3 1 11 0 11 12 2 4 3 3 5 5 15 7 14 7 15 
7 6 15 4 4 2 8 12 3 1 9 0 2 13 8 8 6 12 11 2 3 14 1 3 14 10 0 3 4 1 2 6 
13 11 14 5 15 11 14 5 9 5 5 0 10 6 14 6 7 11 10 9 9 10 13 5 11 13 6 2 10 13 0 1 
12 11 7 2 10 4 4 3 8 8 1 12 8 3 5 10 4 6 13 9 3 6 1 1 11 0 11 7 9 7 0 1 
9 8 12 1 4 8 5 12 14 14 11 14 9 10 11 12 0 2 3 12 10 15 1 14 6 12 3 6 1 2 6 2 
7 2 1 0 7 10 11 3 4 10 8 9 11 10 10 12 4 15 11 3 5 8 13 6 13 9 0 6 6 14 15 10 
