3 3 4 3 14 6 7 12 5 8 5 0 8 4 3 2 4 1 1 4 0 3 9 1 2 2 8 11 8 9 10 4 
8 10 4 4 13 12 1 3 4 4 14 11 12 13 11 13 8 10 5 4 4 9 2 13 15 10 9 14 6 8 9 1 
0 1 7 14 1 5 3 6 13 9 2 3 9 1 4 5 4 8 6 6 3 5 10 5 2 11 12 9 13 11 4 14 
5 10 1 14 11 11 11 13 0 11 7 6 5 7 0 7 4 4 10 4 1 12 2 9 15 4 15 14 14 14 9 7 
15 7 1 10 10 5 5 5 11 1 7 8 12 10 14 11 9 15 11 13 12 12 1 8 13 6 3 15 2 7 11 10 
6 14 2 12 3 8 5 14 3 15 2 2 8 6 0 14 10 6 14 8 1 4 9 4 14 13 13 0 7 0 0 6 
9 13 6 5 13 13 3 12 15 13 2 4 9 1 10 1 15 0 6 8 7 15 3 15 8 2 0 10 3 6 0 9 
4 7 12 2 15 5 10 7 2 8 3 6 4 9 3 15 15 12 0 3 3 13 0 2 12 12 8 6 13 6 15 10 
7 8 14 5 10 8 8 0 15 15 9 2 5 8 9 14 13 11 3 11 4 4 3 2 9 11 6 7 10 5 1 1 
12 10 8 1 0 15 15 11 7 4 14 10 6 9 15 9 0 10 14 5 0 7 0 9 7 6 5 2 8 7 1 2 
4 2 6 8 11 0 0 14 4 8 5 14 10 12 8 0 4 15 11 0 5 15 2 3 2 3 13 5 5 13 2 4 
8 0 9 2 0 10 15 2 4 5 5 7 9 7 3 8 0 2 10 2 7 1 10 12 7 14 9 15 1 4 0 11 
8 6 2 15 5 12 1 15 0 4 13 15 7 3 0 2 14 14 4 14 15 3 7 15 9 9 3 0 9 7 6 2 
