4 14 7 15 11 14 3 14 12 15 13 6 14 6 10 1 2 7 9 6 1 4 10 1 14 6 13 3 15 8 13 6 
10 2 9 12 8 14 11 10 1 2 9 6 0 0 15 14 12 15 15 8 8 6 10 14 5 8 15 8 9 0 4 8 
9 15 8 15 0 15 2 2 11 8 0 10 12 9 2 0 15 13 6 10 15 3 3 0 1 11 1 9 9 10 7 14 
5 6 9 14 6 13 9 3 6 11 14 5 6 9 2 7 0 1 5 4 3 12 1 13 0 0 11 10 2 8 13 12 
14 8 3 4 9 0 12 10 3 4 8 6 12 13 5 5 6 1 1 9 7 4 3 5 6 3 10 6 12 5 4 5 
4 11 2 14 15 6 10 15 1 9 3 10 0 9 7 8 13 4 12 8 13 2 8 12 13 9 6 10 5 15 13 5 
11 9 15 9 10 11 2 4 2 4 14 15 14 12 8 12 2 6 12 8 0 12 2 5 15 12 8 8 15 13 11 15 
15 7 5 0 12 11 4 13 3 7 0 1 4 0 8 11 0 11 4 1 13 12 9 12 3 11 4 1 6 7 0 14 
11 5 13 9 3 11 6 14 8 9 0 8 6 7 10 10 0 9 12 11 1 6 2 2 4 14 3 14 1 14 12 4 
14 14 4 13 3 11 14 6 13 12 11 8 14 0 8 10 8 14 3 7 7 11 3 9 2 11 2 5 1 9 0 14 
2 0 10 12 6 0 13 4 14 3 15 0 13 12 11 15 4 9 9 9 6 13 9 4 13 14 14 7 0 2 8 4 
13 11 2 14 5 1 11 7 10 9 6 3 3 0 5 14 4 14 14 12 3 4 11 5 8 1 4 7 13 8 4 6 
6 7 14 0 5 6 5 4 10 0 11 10 8 4 15 3 2 5 1 10 7 5 14 3 15 14 12 6 15 14 1 10 
