5 12 9 3 1 2 8 5 3 4 3 15 10 2 2 13 13 13 5 9 2 5 11 13 4 7 1 11 1 13 7 11 
10 8 14 6 11 1 9 0 14 10 15 10 7 8 4 10 9 13 11 8 6 4 6 2 7 10 5 8 10 2 8 1 
2 11 13 11 2 5 15 15 13 1 15 15 4 6 9 9 11 12 9 11 0 6 14 14 1 0 10 3 0 4 13 10 
5 2 9 3 11 12 2 2 10 7 1 2 15 1 4 3 11 2 14 0 10 3 14 14 10 15 4 9 4 9 6 15 
10 11 14 4 2 6 9 5 14 14 10 15 0 13 12 7 12 4 7 3 7 1 1 6 15 11 13 7 12 11 2 12 
4 1 13 5 8 6 2 13 2 1 4 11 11 3 9 8 2 7 7 14 14 7 11 11 5 5 11 7 12 4 1 11 
3 10 11 10 8 0 11 13 1 4 1 6 13 11 3 3 5 9 5 9 4 7 0 14 4 2 10 11 12 3 14 5 
3 1 11 7 10 1 1 3 6 14 14 4 9 12 7 1 3 2 8 1 8 7 11 10 1 3 14 13 9 4 14 5 
9 5 5 0 12 4 3 11 6 3 7 15 14 1 7 11 6 7 8 14 3 0 10 15 14 2 12 8 1 13 4 2 
14 13 1 12 9 4 7 10 2 6 5 6 5 8 12 0 11 7 15 0 2 1 6 1 15 13 6 10 6 9 14 4 
13 0 2 1 13 6 1 3 8 7 13 8 1 12 11 7 4 9 8 9 9 11 4 3 6 4 15 10 9 10 2 1 
10 0 8 14 7 11 6 5 12 5 6 5 7 0 11 11 11 15 9 10 3 4 14 1 10 6 0 6 11 15 0 3 
6 12 9 14 1 15 8 8 4 13 3 5 3 14 11 11 2 0 12 8 2 9 5 7 6 8 10 6 9 6 3 6 
