0 5 13 9 12 15 3 3 14 4 3 2 7 2 12 13 8 15 3 3 14 13 15 4 11 3 2 4 5 6 1 5 
14 14 1 6 13 6 4 8 7 12 8 10 9 9 11 14 4 14 13 10 1 15 2 15 3 0 13 12 15 2 3 12 
6 13 2 0 7 9 0 14 3 6 2 1 12 0 13 0 9 5 6 14 0 9 7 14 14 4 9 14 4 10 0 4 
13 5 6 3 0 7 11 8 5 0 12 9 5 11 0 13 1 3 14 9 9 4 0 14 5 4 3 12 12 14 9 11 
4 5 11 9 12 1 3 8 2 13 0 10 6 11 3 11 6 9 3 13 7 12 0 13 10 12 9 13 2 4 2 4 
9 8 4 0 12 4 11 6 5 6 9 13 13 2 5 4 0 10 9 2 7 6 10 5 14 13 8 10 5 0 5 6 
1 5 7 5 8 11 14 3 7 10 11 10 5 13 14 3 10 9 0 10 13 6 3 12 10 4 11 1 9 2 15 1 
2 4 7 12 7 6 9 0 10 11 9 1 0 2 15 15 7 8 0 9 14 10 13 5 8 4 2 4 13 11 4 15 
3 12 0 2 10 9 6 9 1 15 10 8 3 8 3 9 12 5 1 3 14 6 15 12 5 0 0 13 5 6 13 0 
6 9 1 6 11 0 0 9 8 11 7 14 15 2 7 5 8 5 1 15 11 14 12 5 5 3 15 5 15 14 7 10 
9 11 14 14 12 6 11 2 0 15 5 2 9 1 1 1 7 2 10 14 10 7 6 3 12 3 11 14 6 3 14 2 
3 8 6 9 13 7 12 4 3 4 10 5 4 10 9 10 14 3 5 8 10 2 6 3 4 5 5 13 13 4 12 1 
6 0 15 2 10 14 8 15 7 14 0 4 0 3 6 11 8 10 1 12 4 8 5 5 14 0 6 8 3 4 15 8 
