3 5 2 9 2 4 2 2 1 15 11 1 15 14 8 5 5 13 10 11 7 14 15 8 4 6 2 14 12 13 10 2 
12 4 2 1 5 14 3 7 5 7 13 8 5 2 1 13 6 8 11 10 0 10 6 5 11 13 11 6 8 0 8 8 
1 6 8 14 4 0 4 14 3 5 15 5 5 2 3 8 3 15 4 14 15 0 8 4 4 4 7 5 3 6 3 13 
11 9 14 1 1 9 7 7 0 14 0 10 14 5 0 11 2 15 15 10 13 5 7 15 1 9 0 6 8 11 1 2 
10 2 1 1 7 5 15 1 2 7 3 13 14 6 0 14 5 11 5 0 10 13 12 9 12 9 14 2 0 4 13 8 
8 12 8 1 8 15 12 0 14 1 12 13 3 5 5 3 0 11 11 13 7 3 8 13 2 5 13 9 0 1 13 8 
6 9 8 3 5 12 4 3 14 1 9 4 9 5 5 8 10 15 6 11 5 12 4 2 8 12 11 15 0 2 13 3 
4 8 2 3 3 0 9 7 6 10 13 4 6 13 4 14 1 11 8 8 15 2 10 9 0 8 9 11 4 12 6 1 
15 8 2 4 4 11 15 11 9 1 12 14 5 4 4 4 13 5 4 12 13 8 0 8 4 1 11 0 0 6 10 15 
2 8 10 3 14 10 5 0 10 3 10 2 12 14 1 1 0 13 7 11 4 12 0 12 7 2 3 4 6 12 15 13 
9 14 14 12 6 8 13 11 4 9 0 15 9 14 2 7 12 10 2 15 7 15 12 3 4 7 0 6 11 11 11 8 
1 15 14 1 7 0 8 10 6 0 1 0 0 5 11 5 10 3 2 9 14 12 15 12 8 8 0 1 5 11 3 7 
2 7 2 2 3 0 10 2 2 4 5 7 9 6 0 6 8 5 4 6 8 14 4 3 9 4 10 6 4 10 1 15 
