9 15 1 8 15 14 11 15 10 0 2 0 3 4 2 5 5 11 13 1 9 6 13 2 4 5 7 4 4 8 6 14 
15 11 4 0 15 11 12 11 0 0 9 9 9 7 14 0 7 9 3 3 0 2 8 15 4 0 11 2 9 13 8 5 
12 10 7 10 15 9 2 1 1 12 0 15 15 10 7 13 6 2 0 7 13 7 13 7 0 1 6 4 6 2 14 15 
13 15 14 9 5 11 13 5 4 4 0 13 1 11 5 0 13 4 8 14 2 12 2 2 7 2 15 6 4 3 11 8 
10 9 7 12 5 1 5 5 7 3 12 4 10 3 8 6 8 6 10 8 3 4 7 2 1 2 9 15 1 11 7 10 
11 3 3 15 4 3 12 13 6 13 8 3 9 13 11 11 7 1 1 10 7 7 4 2 11 14 12 15 6 6 1 8 
2 6 2 0 4 7 4 5 3 4 6 12 6 13 2 2 13 7 12 4 14 11 13 2 2 2 14 10 5 1 7 7 
1 2 13 7 12 14 5 6 1 14 3 2 3 0 8 10 6 12 10 6 2 11 8 8 12 15 14 4 8 8 11 15 
7 5 2 3 6 9 4 4 15 11 10 5 3 5 0 13 3 12 6 13 8 12 11 0 8 13 4 7 6 9 4 15 
0 7 1 1 2 11 15 13 7 2 5 14 13 6 5 1 7 1 4 13 14 15 13 15 14 11 5 10 11 7 0 5 
3 5 8 0 1 14 13 11 9 15 0 6 0 4 15 8 4 2 4 11 13 12 11 6 9 1 7 12 15 9 6 1 
4 11 14 5 7 1 15 7 12 14 1 0 10 13 6 14 13 13 13 5 5 1 4 9 4 9 15 11 13 11 5 12 
4 9 7 12 13 13 9 15 5 8 6 8 10 0 6 0 13 9 2 14 0 9 3 1 4 10 15 7 1 14 10 5 
