8 13 6 9 7 7 5 0 13 3 12 15 1 6 10 9 7 2 9 14 5 15 0 12 2 4 2 0 4 9 15 13 
0 0 2 2 10 14 1 4 13 10 1 9 8 4 2 3 7 10 2 2 11 14 3 11 15 4 4 12 5 5 4 3 
5 1 9 2 12 12 10 4 7 2 3 7 5 4 15 3 4 1 11 12 11 7 8 5 6 5 3 4 0 3 12 14 
3 2 2 4 2 7 11 0 4 4 8 8 6 14 2 15 1 11 3 6 0 12 7 14 6 10 8 13 0 9 15 12 
10 5 5 10 7 1 9 3 10 3 12 8 5 12 14 0 2 12 13 3 9 14 9 3 15 2 14 0 14 5 15 5 
12 6 3 0 12 5 2 0 6 3 10 8 14 11 12 4 6 12 1 15 10 0 13 8 3 13 4 7 7 15 9 4 
2 12 15 9 0 8 12 1 3 14 5 6 4 5 12 2 2 4 3 8 15 8 13 6 13 2 5 3 4 11 4 7 
10 5 0 15 5 4 10 6 2 5 8 3 11 6 11 7 4 13 0 5 15 7 15 5 4 0 9 6 15 7 4 9 
13 10 13 13 6 9 15 9 8 15 14 1 9 5 3 8 14 12 8 2 8 5 3 8 15 6 2 9 6 8 15 1 
13 3 6 0 2 10 1 10 2 15 8 0 9 8 7 5 2 12 3 1 5 15 1 3 5 12 11 2 1 4 12 5 
13 14 10 2 2 6 10 10 10 4 3 13 0 9 1 10 2 9 7 9 4 9 6 13 10 13 1 7 13 3 7 5 
8 14 10 14 5 5 5 10 4 13 9 2 3 5 7 14 8 14 14 8 14 5 11 11 4 3 12 10 0 11 2 15 
8 7 6 2 2 6 12 0 9 2 11 15 10 8 13 10 0 8 12 12 10 6 12 15 4 7 14 11 14 9 0 11 
