9 4 14 2 1 11 10 13 8 12 4 0 6 4 9 2 2 15 0 13 0 10 5 15 0 12 4 5 15 14 14 0 
11 8 1 10 1 6 6 6 14 11 7 8 6 6 15 13 3 11 9 9 9 15 10 15 6 14 13 10 11 2 12 10 
9 3 8 9 11 14 3 2 15 15 14 0 7 2 8 3 10 8 7 8 1 7 8 9 8 5 14 12 4 6 4 13 
15 12 14 4 1 1 5 10 1 9 8 0 1 1 9 11 9 12 15 0 12 14 5 2 0 8 7 10 7 8 13 3 
11 4 10 15 5 15 2 14 8 9 2 11 7 7 1 3 7 10 11 7 2 13 9 15 8 5 4 1 1 14 9 7 
4 1 1 3 13 0 0 2 14 13 7 13 9 3 10 10 7 9 0 4 10 11 10 15 4 14 6 14 9 11 15 11 
11 12 7 6 11 4 7 14 6 3 9 11 2 4 12 13 2 2 3 9 4 0 2 8 0 11 4 14 5 12 9 1 
11 4 0 15 9 11 8 11 3 14 5 8 5 8 7 15 4 0 11 13 4 11 6 7 9 5 11 0 0 8 0 14 
13 14 3 8 2 8 15 15 0 12 13 3 6 0 6 8 13 3 4 3 9 0 7 3 6 15 3 13 12 6 4 15 
12 5 9 13 10 9 1 8 14 5 15 9 12 2 6 2 9 6 1 15 10 1 4 15 6 2 2 2 8 13 8 2 
8 5 3 3 4 10 10 6 13 4 1 11 15 10 7 10 11 4 13 12 10 12 11 12 6 12 14 9 3 11 3 4 
11 7 9 15 4 12 11 11 5 10 11 6 9 8 11 4 13 3 15 11 1 8 13 7 15 15 10 7 8 3 0 2 
13 8 7 1 5 1 4 6 5 11 7 10 2 13 6 14 9 6 0 15 9 11 5 9 15 10 6 13 13 13 6 1 
