0 7 15 11 11 10 13 9 2 15 9 0 10 14 9 14 4 7 15 0 1 6 5 14 13 0 1 2 6 1 0 15 
9 8 13 5 7 0 1 6 0 15 2 2 9 5 14 1 4 15 4 6 5 11 2 5 15 5 12 7 1 2 8 6 
2 11 5 11 15 15 2 15 1 15 4 8 12 12 13 14 6 6 13 2 13 13 15 10 13 7 8 3 5 14 5 14 
8 4 4 4 9 15 4 15 7 2 2 11 4 8 12 4 0 2 11 9 2 0 9 1 14 15 1 14 9 15 6 15 
6 9 0 8 3 0 13 14 12 7 7 4 3 11 1 9 10 5 3 3 10 10 9 5 15 3 8 15 10 14 10 10 
4 15 6 13 12 14 9 9 10 14 0 8 6 8 6 10 9 3 11 10 10 9 7 3 12 4 12 10 14 8 15 9 
12 5 2 13 6 15 15 3 14 2 10 15 11 14 11 7 2 11 0 8 7 15 6 13 5 12 15 0 15 0 12 10 
4 14 3 1 13 8 11 4 5 2 7 4 0 7 10 14 5 7 13 15 9 4 8 4 10 0 6 9 0 5 9 8 
13 0 1 7 3 3 15 5 1 5 6 3 8 3 1 6 9 14 0 12 15 10 6 2 2 11 3 11 5 13 4 12 
2 8 2 1 4 5 7 5 11 12 15 6 10 11 1 8 10 6 14 1 1 13 15 11 7 14 15 10 8 6 9 15 
13 6 2 4 9 1 4 15 0 12 2 7 8 11 4 9 11 8 6 1 14 1 10 14 0 9 14 14 9 5 11 11 
4 10 15 5 5 15 13 15 4 6 8 14 8 9 2 4 15 7 10 14 0 13 3 2 10 6 9 12 14 2 5 2 
14 5 9 2 5 12 5 14 14 2 3 7 12 8 10 13 9 15 6 11 11 13 13 11 12 8 10 2 4 12 8 5 
