11 0 0 9 14 5 0 9 11 9 14 12 4 4 6 8 5 10 4 2 4 11 6 0 9 9 3 12 4 15 1 13 
7 13 3 9 15 15 6 10 2 2 4 2 4 1 11 12 2 15 12 6 8 2 15 12 11 12 2 2 13 10 7 2 
11 15 15 0 1 7 7 8 8 0 6 10 3 11 1 7 1 8 6 3 9 8 5 12 11 13 13 6 9 8 2 4 
12 10 13 5 1 12 12 3 5 10 8 11 10 6 9 10 6 1 8 8 9 10 5 3 4 8 15 12 15 5 3 3 
11 2 14 4 4 6 7 13 8 7 4 8 12 10 5 15 5 8 0 9 14 0 3 11 13 7 5 5 5 6 3 1 
7 1 13 4 7 2 9 14 11 12 11 3 0 13 10 15 15 0 14 2 6 7 2 10 10 7 6 14 6 15 1 10 
6 4 13 9 13 15 13 5 9 5 15 3 3 9 11 11 3 3 12 3 12 12 1 6 0 1 5 11 7 13 7 1 
6 0 7 6 13 14 2 7 11 1 6 11 1 6 13 12 11 9 11 0 2 14 15 6 1 13 15 15 12 13 8 0 
3 14 3 9 13 13 11 14 5 6 3 4 2 4 15 9 11 5 9 5 2 8 10 6 14 0 0 10 8 8 8 15 
0 11 5 2 14 5 7 11 4 9 14 12 0 8 7 9 7 7 15 4 15 8 3 14 11 14 7 7 0 12 9 5 
1 5 13 2 8 13 12 9 10 1 4 7 10 6 12 14 11 7 15 0 11 0 3 15 10 5 15 4 8 11 8 15 
12 8 13 11 11 6 10 0 9 0 7 2 2 3 3 6 7 1 12 14 4 12 1 8 1 15 6 11 12 2 12 6 
2 12 15 9 0 10 14 4 5 1 1 10 8 9 6 1 7 9 9 3 10 12 9 9 6 9 12 9 15 3 0 7 
