8 15 6 6 5 0 9 6 13 4 10 2 14 4 2 6 9 10 7 11 12 0 1 15 6 8 2 2 7 14 10 4 
7 2 9 2 10 11 15 1 7 5 9 9 9 3 1 15 5 7 8 12 1 8 9 3 13 8 10 4 12 6 15 3 
9 3 15 6 1 7 0 10 15 6 11 5 3 13 12 5 6 8 1 10 8 15 11 9 14 2 9 8 8 8 1 11 
14 7 13 12 12 6 5 13 13 1 6 10 12 2 4 8 6 10 11 7 2 7 12 1 1 10 15 2 3 11 12 3 
15 0 6 10 5 15 2 4 6 1 12 10 9 3 2 7 2 1 15 13 14 11 11 10 14 1 0 2 14 2 15 7 
5 0 12 11 5 5 14 10 8 5 14 3 14 13 7 3 7 9 13 6 11 13 5 14 13 6 3 11 11 12 6 0 
3 4 14 13 15 3 8 0 11 13 14 9 11 8 11 2 15 10 2 11 15 15 8 9 7 2 2 10 7 8 3 9 
14 10 7 8 15 14 9 7 6 0 9 0 9 5 3 9 7 1 11 0 11 0 3 10 6 14 6 0 12 9 0 2 
12 4 14 8 1 6 9 9 0 5 14 10 3 9 3 1 6 2 6 13 11 4 13 12 7 4 9 13 12 10 14 15 
2 14 11 13 3 0 1 9 0 10 7 9 8 7 2 4 8 0 8 4 4 12 15 9 8 13 3 14 7 5 2 13 
15 13 8 10 0 3 1 0 8 12 3 15 11 6 8 12 14 11 15 0 9 12 3 14 9 7 15 3 8 12 2 4 
12 12 3 11 4 13 3 5 1 5 13 15 4 12 3 0 0 4 8 1 0 10 3 9 9 8 10 14 13 3 10 1 
11 12 1 15 11 10 0 3 13 7 1 12 10 7 5 4 11 8 14 10 4 6 14 0 14 8 10 15 12 6 4 6 
