13 5 15 6 12 2 13 13 2 0 13 1 5 8 7 15 3 1 15 0 14 10 9 10 8 8 9 3 10 11 6 8 
2 13 10 4 14 5 8 0 4 6 4 8 13 12 11 11 13 7 12 0 8 0 0 6 6 7 11 2 8 6 11 5 
12 5 3 3 1 7 4 5 11 0 2 3 2 2 9 15 15 14 14 7 6 8 5 11 4 13 3 10 6 15 3 4 
0 3 13 9 1 14 15 11 15 6 5 1 0 2 12 13 11 7 8 5 3 6 10 14 2 11 3 7 10 14 1 15 
3 10 13 13 3 14 4 13 5 3 8 13 11 9 6 3 1 15 13 9 1 8 6 14 2 6 7 3 10 11 10 12 
11 13 0 8 6 3 14 12 3 4 12 13 9 1 9 14 4 9 9 2 1 7 11 2 13 10 4 15 9 1 14 12 
10 0 14 10 13 2 9 4 4 1 14 14 4 4 12 11 11 10 13 0 6 11 4 1 13 0 12 5 8 13 2 1 
15 3 12 0 13 4 9 12 0 7 5 1 15 1 14 14 3 0 13 0 13 9 9 4 1 5 14 3 0 2 15 7 
11 10 5 5 2 2 13 1 2 10 7 3 11 0 4 9 15 3 15 0 2 12 7 4 6 12 10 1 1 14 10 15 
1 5 9 12 11 6 11 5 5 7 11 15 11 5 6 14 4 15 2 12 14 1 9 11 13 12 12 2 4 13 2 3 
0 7 8 6 13 13 14 15 14 11 2 10 0 2 13 2 5 3 9 7 1 1 15 4 3 12 11 0 9 2 1 10 
11 13 0 4 5 11 13 11 15 1 14 13 2 6 10 8 7 9 13 8 14 4 4 9 10 2 5 7 1 6 6 9 
11 5 12 14 8 0 1 14 2 9 9 10 13 7 1 2 8 15 6 11 3 8 5 7 7 14 15 12 9 4 11 12 
