12 10 4 13 2 0 3 1 7 4 4 10 14 0 6 10 10 1 15 10 7 14 13 9 1 3 0 1 5 11 8 1 
12 12 3 8 10 4 3 8 5 8 13 11 9 2 6 4 5 4 10 7 0 10 6 11 0 4 5 2 3 3 1 9 
11 3 5 1 15 6 9 11 14 11 15 14 4 1 11 11 1 4 9 3 3 0 2 11 10 2 13 3 0 5 1 9 
11 1 12 2 10 1 8 13 12 3 11 3 14 8 9 9 6 15 14 3 2 4 3 14 5 5 2 11 5 10 10 11 
1 8 9 2 6 14 0 0 9 8 15 3 11 8 14 0 12 3 14 13 7 5 4 3 12 7 13 4 14 8 4 1 
13 14 2 15 7 11 12 8 15 13 12 12 7 8 4 9 11 13 10 10 8 5 13 11 9 5 13 11 3 13 6 15 
11 1 14 12 13 4 15 6 1 0 6 9 13 1 5 4 7 11 4 0 7 12 1 0 12 3 1 2 5 7 8 2 
6 8 5 3 9 12 11 12 0 14 10 5 13 14 2 10 5 1 10 6 5 15 1 7 3 7 7 9 11 11 14 0 
10 11 1 8 15 8 9 4 0 10 14 7 14 4 2 15 7 3 2 2 6 15 12 9 6 12 14 9 1 15 8 1 
9 14 5 0 5 11 13 15 12 15 15 7 15 2 11 2 4 6 1 11 6 14 6 9 7 13 12 9 6 5 3 0 
8 8 8 1 6 3 9 1 13 9 4 0 3 3 14 11 10 3 6 2 0 1 15 11 1 12 6 1 11 4 2 2 
7 7 3 6 15 13 3 11 15 5 10 12 5 1 11 7 5 4 14 0 13 14 1 14 10 13 3 13 5 7 6 15 
3 9 0 13 3 3 11 7 11 14 11 11 9 15 4 8 4 4 7 9 12 12 1 15 11 8 8 7 2 4 13 6 
