12 0 6 8 4 2 12 8 1 10 1 0 13 1 15 9 14 7 15 5 13 15 6 1 13 14 4 1 15 2 10 14 
10 14 13 8 15 11 8 6 8 3 5 6 14 7 4 9 7 7 0 5 5 9 2 3 8 13 11 8 9 5 11 7 
3 3 7 9 3 8 5 15 6 9 4 3 8 9 14 9 9 8 10 12 2 1 12 2 3 15 8 15 1 8 10 2 
2 14 5 4 9 1 12 15 1 11 12 13 5 2 1 7 0 4 12 10 10 6 8 10 6 4 1 15 4 13 12 0 
13 13 12 7 8 5 9 6 12 14 3 10 12 7 8 10 8 12 6 13 0 14 3 0 13 0 13 5 8 10 3 5 
3 15 2 9 7 1 9 15 5 15 9 3 7 4 8 7 11 13 8 4 2 3 6 8 2 2 13 5 7 15 3 7 
2 9 4 8 12 8 4 7 8 6 6 15 8 15 13 14 4 14 7 6 14 2 3 15 7 10 13 2 14 9 11 11 
9 9 2 10 3 1 7 8 4 14 8 5 6 4 8 4 8 15 12 10 14 11 0 13 6 1 3 12 4 4 0 11 
1 11 15 9 15 3 8 13 8 15 2 10 14 11 4 12 4 10 3 12 9 13 13 3 13 7 13 5 4 13 4 1 
3 1 0 10 9 9 9 15 8 14 6 11 3 13 6 4 15 2 0 15 10 15 1 10 10 12 7 0 4 15 6 2 
11 9 7 9 14 7 9 6 14 6 0 11 9 11 0 8 14 6 0 5 0 12 12 12 7 3 6 9 5 5 12 8 
5 11 12 3 6 11 3 8 8 5 11 2 13 4 8 13 6 12 14 10 4 4 12 8 9 3 11 7 12 1 15 4 
7 12 14 6 2 4 9 5 9 15 8 13 1 8 9 3 15 12 3 15 10 2 9 11 8 4 8 11 5 9 10 12 
