7 0 13 13 9 15 13 0 13 8 8 4 1 12 5 8 3 5 12 9 4 11 15 4 13 8 8 4 14 13 14 3 
15 11 9 11 8 15 5 12 0 0 5 14 14 4 15 1 14 13 6 8 7 3 13 14 12 3 3 9 14 14 15 4 
5 7 3 4 7 15 6 3 4 2 2 10 8 9 0 5 5 0 9 7 12 3 14 2 13 10 4 1 8 7 2 12 
14 7 8 13 13 12 7 15 4 7 6 1 13 5 14 14 4 14 7 1 5 14 4 2 6 9 0 9 11 11 3 3 
11 14 11 14 6 2 13 10 15 11 0 10 2 1 2 4 4 13 4 14 15 9 0 12 13 6 14 14 0 14 10 7 
10 13 15 0 8 11 15 10 5 0 8 14 3 7 7 1 9 10 14 8 7 13 9 11 0 5 8 11 9 15 3 4 
2 12 0 15 12 12 4 13 15 11 5 0 2 11 6 12 15 11 4 15 6 4 5 1 15 5 12 10 6 1 13 4 
7 15 1 11 9 2 15 8 12 8 6 10 9 13 1 12 2 5 0 11 0 3 1 13 10 15 6 3 7 7 7 8 
5 1 3 2 13 4 9 9 0 2 14 0 2 13 3 2 1 10 8 7 2 14 15 2 2 6 11 4 9 7 9 2 
3 14 13 0 12 10 1 13 5 6 9 1 15 14 15 0 6 11 11 1 4 8 5 11 3 0 9 12 11 8 7 0 
2 10 4 4 1 10 2 5 4 12 14 14 5 7 6 2 12 6 13 2 15 5 10 5 13 3 0 11 12 4 0 10 
8 3 5 14 10 12 3 5 14 0 9 2 14 7 8 10 11 4 6 14 14 15 12 14 10 10 11 4 11 4 3 9 
4 1 10 8 2 13 0 1 15 1 5 5 14 4 0 14 3 9 2 2 9 7 12 5 4 1 12 15 6 6 14 9 
