3 2 0 15 10 13 6 6 12 15 10 5 11 0 9 2 0 5 1 5 15 8 10 7 0 2 13 13 14 5 0 14 
3 5 3 7 3 15 9 1 9 1 0 1 12 10 8 11 0 13 10 4 15 5 6 13 2 6 15 14 13 15 10 1 
1 11 2 2 5 12 3 5 2 10 6 9 2 10 3 5 7 5 5 13 7 12 6 7 13 9 4 14 4 7 6 9 
6 12 14 15 1 9 7 3 12 0 9 1 9 8 11 1 1 6 13 15 5 1 9 14 15 2 14 9 13 5 6 13 
9 10 1 2 8 4 11 12 13 9 4 2 13 6 11 3 11 2 4 9 2 3 14 2 0 9 7 11 13 6 15 4 
11 1 3 3 11 9 2 7 7 0 15 4 5 0 4 15 7 8 10 6 1 1 13 4 14 6 13 14 10 10 9 4 
12 3 15 11 3 10 8 14 13 8 2 10 10 3 4 10 10 14 5 2 4 11 11 12 14 2 15 3 5 11 6 11 
11 15 0 9 12 11 1 10 1 6 2 14 12 8 4 6 1 4 12 11 8 15 8 3 6 4 2 1 12 12 14 0 
7 0 8 2 13 9 10 8 13 4 5 3 3 11 7 11 6 7 0 1 2 15 6 11 9 4 15 0 6 4 4 0 
2 13 12 10 7 12 3 10 1 15 14 12 8 15 15 2 11 4 0 4 10 4 13 6 14 5 7 6 2 7 14 12 
4 6 15 14 13 0 1 3 14 0 15 10 10 10 11 12 10 10 11 11 12 4 5 7 2 11 7 6 8 6 8 1 
8 5 14 8 3 1 11 9 5 13 7 1 2 6 15 12 12 7 8 4 3 1 1 0 7 11 15 13 2 2 4 12 
1 7 9 10 12 2 14 9 7 5 0 15 2 9 15 0 9 3 2 1 11 4 1 9 14 8 9 10 14 14 12 0 
