14 12 2 1 1 7 7 14 5 0 0 11 7 1 5 13 5 1 8 14 0 0 6 12 1 11 3 7 0 5 1 12 
2 12 7 13 2 7 14 0 13 9 12 8 12 13 5 15 10 0 11 11 4 3 5 15 14 13 14 13 3 13 3 0 
12 6 15 2 10 14 14 7 10 6 11 11 15 2 5 7 11 8 12 15 5 12 6 6 9 13 14 5 9 12 12 2 
8 13 9 4 14 8 10 0 15 5 6 3 3 7 3 5 0 8 15 7 4 5 11 15 12 6 9 2 6 8 13 2 
4 14 13 3 7 8 11 12 12 15 4 5 3 15 3 11 14 3 10 12 11 8 3 12 8 8 13 4 5 8 2 0 
1 15 12 9 9 0 0 13 2 15 3 4 15 0 1 4 5 15 2 7 4 15 1 4 1 5 5 14 12 3 0 8 
8 15 14 0 14 11 12 3 9 9 11 15 11 11 4 9 1 2 1 12 15 3 0 0 14 13 2 15 0 2 8 4 
2 4 11 15 15 1 3 13 14 6 8 2 1 4 14 14 1 10 0 8 13 4 6 10 15 8 14 11 5 2 2 1 
7 6 11 13 4 15 5 0 0 6 10 3 3 9 6 14 0 15 7 6 0 13 15 1 10 0 8 1 0 6 7 15 
12 0 13 10 8 8 8 2 4 14 13 3 6 4 0 8 5 11 2 14 2 12 9 8 10 5 6 15 15 14 2 4 
7 9 10 5 13 6 4 7 14 0 3 1 0 0 8 13 2 12 15 13 12 1 9 9 12 11 14 9 6 4 3 7 
4 11 13 12 4 10 1 7 12 13 11 8 1 5 8 9 10 3 11 4 5 12 5 5 14 11 14 0 1 15 5 8 
2 7 13 0 15 14 9 15 5 1 2 7 5 11 8 7 10 4 12 7 6 10 4 14 12 3 4 7 1 0 1 9 
