1 14 6 4 3 2 2 6 4 12 3 2 15 11 13 2 14 14 2 2 7 3 1 12 12 3 5 1 6 1 3 1 
8 15 13 4 15 12 6 10 0 5 3 11 5 3 3 10 0 6 6 11 8 11 1 6 10 9 4 1 10 9 0 1 
13 3 10 13 1 1 0 10 5 6 6 0 9 3 15 7 11 7 2 13 11 0 6 9 5 2 8 9 11 9 7 8 
5 12 10 9 1 3 13 8 11 3 6 6 10 6 10 2 9 4 13 3 2 3 8 14 13 10 13 1 13 13 11 1 
11 9 11 13 7 13 15 7 13 11 5 12 5 0 5 11 10 4 3 12 10 6 3 9 11 12 7 0 9 13 3 1 
9 6 5 13 15 14 4 0 0 14 4 13 15 14 15 8 7 1 12 3 3 15 0 4 14 11 8 9 2 8 0 15 
14 1 10 0 2 1 6 15 13 15 9 8 1 7 5 7 0 12 6 11 10 1 1 12 6 2 3 8 12 12 12 9 
3 5 13 5 0 10 5 0 15 0 9 11 10 5 4 7 12 12 11 1 14 2 9 7 3 4 2 15 11 8 14 4 
13 10 14 11 15 1 12 9 2 8 8 12 10 5 8 9 15 12 11 4 12 2 0 6 2 5 3 12 8 6 2 13 
11 2 10 15 9 11 8 7 4 2 8 0 8 10 11 13 15 3 0 1 12 7 12 10 12 7 6 1 1 15 14 13 
6 6 12 6 6 8 13 15 1 11 0 5 14 5 13 14 8 11 4 12 3 2 8 10 13 9 14 9 1 5 4 5 
2 9 6 2 0 12 2 11 7 5 15 5 11 10 0 5 5 12 2 14 3 8 10 12 0 10 3 5 7 14 6 4 
1 0 14 8 12 0 14 13 2 2 15 6 0 0 3 3 11 15 4 3 2 1 14 3 6 8 8 0 13 5 12 1 
