15 9 2 4 4 2 6 5 6 6 4 5 6 11 14 3 11 14 13 8 14 11 2 12 1 7 12 3 12 4 1 14 
1 13 11 14 12 6 6 11 7 1 13 14 8 13 5 4 14 9 10 7 4 12 5 13 1 4 5 6 14 11 10 1 
9 15 12 10 6 0 2 10 6 2 6 9 13 11 6 5 5 6 2 13 13 3 3 11 13 13 11 13 10 14 7 13 
2 7 11 8 11 4 3 14 1 8 2 12 3 12 10 5 0 10 4 14 7 0 8 12 15 6 0 7 13 6 7 12 
2 9 11 13 14 2 14 2 5 8 15 3 6 5 0 3 12 1 6 6 10 11 10 9 13 3 9 11 13 9 4 2 
12 9 14 9 10 8 4 11 8 14 13 14 1 7 13 2 9 14 0 14 8 11 0 13 7 4 9 4 5 12 7 6 
1 7 7 5 0 10 12 6 15 1 10 7 10 10 3 11 8 0 11 1 7 15 8 6 8 1 0 11 11 0 8 5 
10 1 4 11 3 0 4 12 11 4 9 3 10 0 5 4 6 1 14 2 13 15 8 4 4 10 7 2 9 8 4 0 
4 9 4 5 3 10 9 9 8 12 0 8 10 1 6 5 5 9 12 9 3 5 3 11 8 8 13 14 3 4 15 8 
8 10 4 5 3 4 5 11 4 13 0 2 12 6 11 0 5 9 1 0 5 5 6 5 12 14 13 1 9 6 9 4 
3 11 4 6 15 11 7 0 1 15 14 5 1 5 2 3 6 10 4 12 15 8 6 2 14 2 7 0 2 13 0 15 
8 5 0 9 0 15 9 0 14 10 4 7 10 12 11 12 12 0 15 12 9 7 14 1 13 11 7 0 13 13 13 11 
10 4 6 2 1 10 6 12 0 7 1 13 2 7 13 8 0 5 4 8 15 3 10 0 3 7 1 14 5 15 9 4 
