1 12 8 10 0 1 9 14 7 9 11 6 8 1 5 3 4 4 1 14 5 3 2 10 0 12 5 6 13 15 1 4 
12 15 12 8 2 13 8 5 7 10 1 4 10 13 7 12 3 14 2 5 3 8 6 4 7 7 14 12 12 4 7 1 
2 12 9 2 1 3 12 1 7 9 2 8 2 11 15 12 14 3 12 3 4 2 2 10 3 3 9 5 6 0 8 3 
11 15 12 9 11 14 3 11 15 12 13 12 11 6 0 7 6 15 11 13 10 14 13 7 15 14 8 2 11 3 2 12 
10 11 3 15 5 11 9 8 13 7 14 8 9 9 9 3 0 3 0 13 2 13 9 1 6 11 10 15 15 14 2 7 
6 8 5 12 9 11 2 13 3 8 13 3 7 1 3 10 2 6 15 7 12 3 12 15 6 3 10 3 6 4 15 15 
13 7 7 6 10 0 9 14 8 1 8 5 11 2 6 7 6 10 14 12 12 9 14 13 14 0 6 2 0 9 0 10 
5 15 6 2 4 3 7 11 3 9 15 2 11 10 10 11 5 10 1 1 2 15 4 11 0 11 12 12 7 12 3 11 
7 12 1 5 0 5 11 6 13 11 12 9 14 9 9 13 9 7 15 1 13 4 5 2 0 13 0 12 4 0 15 11 
15 12 0 10 14 4 8 5 14 15 14 12 7 5 9 11 15 11 11 13 5 7 7 7 9 11 1 12 12 12 14 5 
2 13 1 6 13 3 15 3 2 3 3 2 1 12 6 5 3 5 0 2 15 10 3 4 0 11 6 6 7 6 6 2 
4 6 6 14 3 7 15 15 14 4 15 0 12 5 9 0 2 10 2 14 7 0 0 14 11 3 9 14 9 11 0 9 
10 3 13 6 11 15 14 2 6 11 13 8 8 9 1 13 2 6 14 12 9 14 8 0 8 7 5 8 8 1 8 5 
