7 6 8 1 1 7 7 2 7 6 0 4 13 15 3 2 2 1 14 14 5 5 2 13 13 15 14 14 10 15 9 3 
14 13 0 5 10 9 4 14 0 14 0 5 0 14 4 7 3 6 7 1 2 0 9 10 6 13 15 6 11 12 1 9 
0 12 10 3 4 10 14 2 13 15 2 0 3 1 14 5 7 12 10 6 5 13 10 11 3 2 11 4 2 8 8 5 
0 5 13 1 8 14 2 7 9 0 15 7 8 9 9 15 13 5 7 6 15 7 3 6 14 6 15 9 1 1 9 13 
7 7 8 9 9 6 15 6 6 7 15 3 0 2 13 15 14 5 5 10 8 7 7 1 6 12 2 13 11 2 12 7 
4 6 1 8 6 1 7 8 13 1 7 12 10 7 13 10 3 10 11 1 3 1 9 1 13 0 15 7 4 13 4 2 
9 14 3 13 1 6 6 3 7 15 12 14 3 11 12 9 10 3 2 9 12 15 11 5 2 6 2 7 9 7 4 14 
1 12 14 4 4 6 3 14 11 13 4 9 14 7 3 10 11 9 11 6 6 8 15 7 8 12 3 13 14 11 15 0 
12 13 4 15 6 3 4 13 0 6 13 5 0 13 12 10 5 13 9 6 4 0 1 15 9 14 9 12 5 0 4 4 
11 4 4 7 5 9 2 4 4 13 4 9 14 12 5 9 11 1 8 0 8 15 3 15 15 3 0 10 9 13 12 2 
14 12 11 2 8 14 15 6 5 12 5 6 3 10 4 9 7 9 4 12 10 3 14 13 13 6 5 13 7 15 15 2 
10 6 4 0 8 9 2 6 13 3 2 8 1 15 0 3 10 3 14 14 5 0 14 7 8 0 12 12 9 4 3 12 
7 12 11 2 6 9 11 8 9 1 8 15 1 12 15 15 9 10 1 4 13 2 5 8 10 14 11 13 11 14 4 15 
