1 2 10 5 7 10 7 1 2 10 15 5 10 8 11 1 9 15 2 2 11 11 2 6 8 6 12 4 13 14 5 11 
7 10 8 4 10 11 14 6 3 3 5 9 2 8 2 12 11 6 11 1 12 11 1 6 9 0 10 7 1 14 8 8 
6 7 7 10 5 4 5 0 10 9 1 8 8 13 9 13 0 11 7 13 9 12 15 6 0 12 5 8 8 11 4 11 
1 14 7 13 2 12 1 7 3 10 10 15 2 10 4 6 1 2 2 2 15 14 2 0 3 10 7 9 12 15 6 2 
2 12 10 6 4 5 9 11 9 2 1 9 4 9 1 15 12 13 11 15 14 6 4 13 11 11 10 4 3 2 0 2 
7 13 2 0 0 2 14 4 5 6 9 8 4 11 2 2 11 9 11 5 9 14 10 7 4 1 10 4 10 14 1 9 
8 10 10 6 7 14 6 9 7 1 3 0 10 14 8 10 1 2 13 10 14 4 2 14 5 14 3 5 12 9 13 1 
10 6 2 6 5 6 12 3 3 12 8 5 8 1 2 15 11 12 4 9 1 5 7 6 5 12 4 14 4 2 6 3 
7 6 3 7 5 13 8 14 15 4 1 13 1 14 12 5 1 3 9 7 14 0 8 7 10 2 13 11 15 12 10 7 
3 13 8 10 3 11 6 0 0 13 7 4 0 5 12 10 3 4 11 11 10 5 6 6 14 3 6 9 4 12 5 6 
12 14 8 7 6 5 5 11 0 7 14 11 3 4 7 5 9 9 6 4 15 0 3 0 8 2 15 7 7 1 7 2 
14 11 9 7 15 15 7 8 14 5 2 9 3 10 0 3 0 5 4 11 6 13 2 3 2 3 6 9 11 13 12 4 
1 9 3 9 14 6 15 9 12 12 10 14 10 10 7 8 8 15 10 7 3 3 3 6 10 12 4 5 2 4 13 9 
