2 11 12 15 2 0 10 5 14 3 12 10 15 5 6 12 3 3 9 14 8 9 5 3 1 7 5 13 12 0 1 12 
9 3 5 15 12 4 12 14 0 7 3 11 13 4 4 9 3 9 3 13 6 10 3 11 15 4 0 7 10 2 11 1 
10 13 4 11 0 2 15 5 4 10 13 1 1 15 3 11 11 3 1 10 4 6 1 9 9 6 9 3 11 12 15 7 
1 3 2 0 10 5 6 9 4 11 14 14 7 7 8 15 0 5 12 11 6 14 12 15 11 7 15 7 8 8 3 12 
7 9 9 11 9 1 13 1 4 8 13 3 1 11 15 11 3 2 13 9 15 10 0 7 8 6 14 4 1 15 12 10 
4 13 8 7 7 8 9 8 12 3 10 14 2 15 15 0 12 6 2 8 1 6 8 8 8 11 14 15 12 9 4 10 
3 7 10 7 14 5 3 10 14 4 0 10 4 1 10 14 11 15 5 2 6 8 7 10 2 5 13 6 8 14 0 2 
6 9 15 12 14 6 0 13 12 11 10 15 9 14 10 7 8 1 3 4 12 14 8 10 8 4 10 8 4 5 13 9 
9 14 5 13 3 4 9 1 8 1 6 7 2 6 14 0 3 0 5 3 4 7 12 5 12 2 0 13 13 12 6 12 
8 12 0 1 0 0 2 15 14 10 14 3 1 5 7 7 15 5 9 0 8 5 1 4 10 2 8 12 4 7 15 6 
7 10 2 11 10 9 15 10 9 2 12 4 6 2 7 4 8 14 4 5 9 9 6 2 15 2 7 6 8 5 1 0 
3 4 8 7 1 10 5 15 8 2 15 1 12 11 14 12 1 8 8 6 9 0 10 9 4 15 11 9 12 11 14 9 
10 4 14 8 11 7 14 4 7 0 8 14 8 2 13 3 1 12 11 9 1 7 15 10 9 11 8 4 2 9 12 13 
