6 3 11 11 6 6 4 2 12 1 12 4 9 4 8 0 4 15 15 2 6 15 6 1 1 5 7 5 3 7 9 12 
9 8 2 0 8 3 15 10 8 14 3 14 6 11 10 13 1 6 5 13 15 12 7 2 5 12 2 1 9 10 7 4 
2 9 6 1 1 13 6 8 9 9 12 13 11 6 9 0 5 5 2 15 1 7 11 11 4 4 5 3 5 5 2 4 
13 8 1 1 6 10 9 6 10 11 0 1 9 15 14 15 13 9 13 7 3 15 15 3 3 13 1 9 2 3 9 9 
3 12 4 8 10 12 13 1 4 11 15 0 15 10 1 10 10 0 1 10 0 4 15 10 10 10 9 7 4 4 10 1 
12 8 7 9 4 2 8 15 10 15 0 2 7 2 1 6 7 10 12 10 0 10 10 12 13 11 9 10 14 8 11 4 
3 4 14 3 11 10 12 12 9 1 4 0 9 0 6 2 9 9 8 10 1 13 6 1 9 7 10 13 0 11 4 11 
0 0 11 8 9 5 4 1 6 15 14 0 10 10 1 6 3 11 9 7 10 7 4 8 5 4 3 2 2 11 4 11 
15 12 1 11 0 5 11 9 6 1 5 4 8 1 14 10 4 8 11 5 6 9 4 9 4 5 14 11 2 3 13 7 
1 7 6 5 4 8 15 2 7 8 3 2 4 5 12 4 6 11 8 12 4 4 4 1 10 2 2 11 12 6 8 5 
15 0 9 11 11 11 12 14 2 4 14 7 13 9 7 5 4 0 4 5 13 7 9 8 0 10 2 9 8 14 0 10 
5 1 9 8 15 9 5 2 7 14 8 7 1 2 13 14 7 9 4 7 4 13 11 6 10 12 8 1 5 6 9 5 
15 13 11 5 8 11 12 15 1 8 13 14 0 3 12 0 15 6 14 12 15 10 5 11 3 14 9 1 8 10 2 0 
