11 14 3 3 15 6 10 11 9 12 3 6 13 0 1 12 11 7 10 7 1 3 4 13 12 0 15 9 0 12 5 8 
11 12 7 12 8 2 8 14 0 14 7 3 13 0 15 5 2 10 11 2 14 7 12 15 15 11 13 10 6 7 13 6 
7 3 1 5 0 7 4 8 3 15 4 12 13 14 5 14 7 10 5 0 12 4 5 3 7 11 14 8 5 3 9 12 
5 10 13 8 15 0 3 3 15 6 8 8 14 11 14 9 6 9 3 10 12 4 12 4 3 14 3 2 7 14 1 12 
10 4 8 11 12 8 7 5 3 10 15 0 4 7 0 15 3 10 15 15 12 5 3 4 15 4 14 14 15 9 11 5 
3 7 5 8 4 15 6 13 6 13 8 0 6 6 5 8 12 8 10 2 14 14 1 11 7 14 15 0 14 9 7 14 
13 0 10 8 8 10 4 7 7 13 4 1 12 12 10 10 11 7 4 15 14 15 7 12 4 4 6 0 10 6 11 2 
1 9 1 4 13 13 11 7 7 15 4 5 9 10 11 14 15 12 0 11 2 0 1 13 10 0 1 7 12 8 9 0 
9 11 1 6 2 15 3 14 13 7 7 13 8 11 9 2 10 2 11 4 4 15 11 3 9 0 10 13 4 12 5 3 
8 14 3 14 10 7 1 14 15 14 7 7 12 8 0 13 6 3 15 9 13 14 3 9 2 13 7 9 3 13 12 9 
4 14 3 11 8 6 7 1 11 7 1 10 12 1 11 1 10 11 1 9 15 10 9 4 8 12 12 9 8 3 14 12 
10 12 11 15 2 1 1 14 5 8 5 7 4 9 13 12 6 0 0 7 9 9 14 13 2 11 13 10 13 8 5 0 
10 1 15 5 10 0 9 1 3 4 8 10 8 12 3 3 12 6 9 10 0 3 6 14 0 1 2 4 2 15 14 11 
