7 1 15 11 3 3 9 8 8 11 1 0 14 5 13 6 1 5 14 3 8 9 10 13 2 2 10 13 3 1 6 2 
0 12 11 13 3 4 10 15 14 0 1 13 11 11 3 0 14 15 14 13 10 12 9 9 5 13 9 5 14 10 1 9 
9 4 11 2 4 15 1 1 15 15 9 10 2 10 10 10 13 0 1 1 1 15 11 4 0 4 15 13 8 12 2 12 
2 0 5 8 1 13 12 6 11 13 2 3 2 3 6 8 0 14 0 3 7 11 8 2 15 15 5 9 10 1 10 7 
2 4 3 10 3 11 3 9 2 4 3 7 13 6 13 2 9 7 8 11 15 3 1 12 5 4 3 11 9 14 2 12 
14 2 14 1 13 10 10 10 12 9 11 3 9 9 0 11 2 7 4 15 9 8 12 5 7 12 14 10 14 11 2 6 
1 11 11 10 5 15 9 9 1 0 4 8 4 1 8 0 15 7 1 15 3 7 14 9 3 3 6 4 10 4 2 2 
12 7 1 13 13 4 6 9 8 4 9 14 0 15 9 4 13 3 4 14 7 5 9 10 1 7 5 13 4 0 9 11 
6 4 5 9 9 4 3 0 4 1 14 8 11 11 6 15 3 8 8 7 12 12 8 7 8 1 14 1 4 6 4 13 
13 8 1 14 9 11 1 13 8 8 3 11 4 15 7 0 5 9 10 2 1 14 5 15 14 6 11 4 6 7 6 15 
8 15 2 9 13 13 11 14 9 11 11 4 3 1 7 13 6 14 1 9 0 7 5 15 2 12 15 14 4 2 7 2 
6 13 11 10 9 14 2 6 1 8 2 8 6 8 4 13 7 2 2 4 4 10 13 8 6 13 1 4 0 1 14 9 
14 12 11 10 15 14 7 13 4 5 1 6 5 14 1 12 13 12 8 2 6 4 6 13 2 10 12 2 11 14 7 10 
