0 1 2 13 11 12 1 12 6 12 5 7 8 8 2 8 3 2 6 14 4 0 4 8 9 1 5 2 11 12 6 10 
0 11 2 8 6 1 11 2 13 14 14 9 13 6 9 0 9 2 0 3 3 11 9 10 14 15 8 9 2 14 7 2 
11 14 3 9 3 10 14 0 2 14 7 0 9 1 0 15 11 5 12 14 4 9 3 2 10 9 9 13 5 2 11 7 
15 3 12 14 3 13 13 4 3 4 9 7 10 0 12 3 9 5 1 8 10 8 8 14 11 6 11 0 11 0 11 13 
9 10 7 12 5 12 7 13 9 10 10 3 4 10 9 1 9 1 4 3 12 7 11 8 0 10 3 6 9 8 0 7 
4 10 7 4 6 4 15 8 4 1 9 1 10 4 9 3 12 12 6 7 12 15 14 8 15 15 8 1 2 7 7 9 
3 7 0 15 8 1 3 8 1 5 10 15 15 6 15 6 10 4 0 2 1 1 9 14 7 5 12 6 2 0 8 7 
3 6 1 14 1 8 9 0 2 6 15 15 6 7 12 1 11 10 4 13 7 8 5 5 6 9 15 2 10 0 4 12 
11 9 13 14 5 0 9 5 0 12 15 0 0 1 0 8 14 2 2 7 2 11 3 11 8 11 1 7 3 1 0 1 
12 10 3 15 11 1 3 2 5 1 15 4 4 10 2 2 10 15 3 5 4 10 3 13 8 12 0 8 9 1 15 9 
13 6 4 1 7 13 13 5 1 9 2 13 11 0 11 12 9 10 3 4 2 5 15 5 3 11 14 7 2 15 12 4 
10 3 14 7 1 5 11 11 7 3 10 11 1 7 13 8 12 15 7 0 5 6 13 10 14 10 3 1 0 5 6 0 
0 1 9 3 14 7 10 7 11 14 14 10 12 8 8 15 11 15 12 13 0 9 0 6 15 13 2 5 14 9 8 2 
