10 13 2 2 10 9 14 10 9 13 1 10 10 5 2 9 4 13 5 10 3 11 0 11 3 7 10 15 7 7 9 7 
6 15 6 0 9 11 9 3 8 10 4 5 8 4 2 9 6 11 0 10 2 2 13 2 3 5 7 11 2 9 0 1 
3 0 0 15 8 15 11 10 8 2 4 6 9 15 3 0 11 6 4 10 3 8 14 13 11 10 14 12 4 1 15 6 
7 5 2 7 12 13 8 6 6 9 3 13 3 11 6 2 5 11 7 2 12 12 8 3 4 6 11 1 10 7 14 7 
14 14 10 3 13 10 15 11 0 11 2 3 9 15 0 1 11 0 12 3 8 8 14 11 9 3 10 5 8 13 11 13 
6 7 12 10 14 10 10 10 15 6 9 9 12 12 3 12 4 14 3 2 14 8 5 3 8 11 5 6 5 7 4 3 
13 1 8 7 8 14 4 5 9 14 15 15 6 11 14 1 6 9 13 7 8 2 13 11 7 11 8 15 6 13 2 13 
7 2 8 6 3 3 4 15 4 8 4 3 14 2 3 6 2 0 14 8 7 8 0 5 14 2 2 12 2 6 6 2 
2 5 15 12 6 4 5 10 7 9 12 10 14 7 10 10 7 8 2 9 3 5 1 6 0 6 10 6 3 0 14 4 
2 15 11 2 15 4 12 7 13 1 0 7 6 9 3 15 4 13 11 5 13 12 8 2 4 13 9 13 0 6 9 1 
11 2 4 9 11 4 0 8 4 10 13 6 3 9 5 4 0 1 5 2 6 14 4 14 11 1 2 3 11 2 13 12 
1 0 7 10 3 6 15 13 11 14 10 3 1 4 6 5 2 12 14 2 14 2 8 14 2 4 3 9 11 9 11 2 
10 7 14 4 15 1 6 3 3 15 3 8 14 12 9 15 1 8 10 0 12 1 13 14 13 10 3 13 2 4 4 8 
