14 1 6 11 11 7 5 7 1 8 15 11 9 2 9 12 2 3 14 6 13 10 7 7 3 15 7 6 8 15 15 5 
14 6 2 7 10 8 7 8 10 0 2 15 1 14 10 3 6 7 0 0 14 8 3 0 8 14 7 13 4 4 12 9 
0 10 4 6 14 6 5 2 12 2 13 3 6 3 10 13 7 12 12 9 7 0 11 0 15 3 14 10 1 12 10 0 
10 7 12 1 6 6 2 15 2 7 8 12 7 5 11 3 1 0 4 2 10 1 10 15 12 5 0 10 2 0 7 15 
10 2 14 10 4 11 6 9 3 11 9 13 2 3 14 8 5 7 9 14 8 15 9 15 15 15 1 10 13 6 10 6 
12 7 7 15 6 4 10 13 5 12 2 5 2 4 14 8 13 11 13 4 9 9 14 0 0 5 11 14 13 5 6 9 
8 11 4 9 13 1 13 14 1 11 0 9 8 7 3 1 11 11 14 3 14 14 1 9 4 13 10 2 4 14 0 10 
1 1 4 14 2 9 8 13 7 10 4 0 1 8 15 11 8 11 1 10 1 15 6 1 10 4 3 4 9 5 10 1 
3 9 15 0 5 4 14 11 2 9 2 15 15 4 3 12 13 3 13 8 7 14 3 0 12 2 9 6 15 7 11 10 
11 7 2 15 4 12 10 6 2 5 9 15 6 9 3 14 2 7 13 14 3 11 2 2 4 14 2 0 10 13 8 5 
5 2 12 7 4 13 8 4 7 4 1 12 5 7 7 1 11 12 0 9 7 7 0 12 9 4 12 9 13 9 12 15 
12 13 13 7 0 11 5 9 6 4 0 6 3 11 14 11 13 11 4 1 6 3 0 11 5 6 13 13 6 4 15 2 
13 9 0 10 1 1 13 5 5 14 0 7 6 10 7 13 9 13 1 13 14 1 8 11 10 3 11 6 11 7 5 3 
