1 6 15 12 14 3 2 14 2 9 11 15 6 14 1 11 9 11 1 11 3 0 10 13 10 3 14 11 4 12 8 0 
11 15 12 9 15 6 11 3 14 14 5 1 3 0 13 15 0 8 4 7 10 5 12 0 5 15 13 13 4 11 0 9 
12 11 11 12 6 1 6 5 12 9 0 0 5 3 0 0 8 13 2 12 9 15 7 15 10 9 6 5 1 9 4 3 
6 0 6 14 3 0 0 9 14 15 8 10 10 14 12 10 4 10 7 2 11 11 11 6 9 0 11 8 3 8 11 8 
4 7 5 8 13 2 8 3 13 0 15 12 9 0 14 0 0 8 9 11 6 5 9 8 5 9 11 12 1 7 3 14 
3 6 11 7 7 4 10 1 5 15 5 15 5 13 9 0 10 13 9 0 4 5 3 7 0 12 4 2 2 13 10 15 
9 11 3 11 3 1 9 10 10 14 5 2 14 12 1 1 4 5 12 12 9 4 7 4 1 2 13 5 15 0 15 1 
14 12 1 11 12 3 15 4 6 14 12 4 11 6 13 8 4 15 0 3 4 7 11 15 8 5 14 9 1 5 5 10 
1 5 5 13 8 15 6 1 14 14 6 3 10 5 12 4 1 9 4 1 11 10 8 3 2 7 8 14 7 6 14 14 
15 0 4 5 9 13 1 5 5 9 7 2 7 5 10 1 10 4 12 10 10 14 3 6 4 7 9 12 2 14 7 13 
3 4 1 6 8 10 11 10 8 12 15 5 8 1 3 4 8 4 6 6 12 2 8 15 9 2 2 4 15 8 5 15 
1 11 10 4 8 10 13 0 8 13 11 9 13 2 7 9 1 3 6 0 8 9 11 3 11 15 9 13 0 2 10 7 
12 14 4 2 3 4 6 14 8 7 10 8 15 15 2 11 6 3 0 13 1 7 9 1 12 13 12 2 4 4 15 14 
