11 13 2 11 3 4 6 12 6 8 7 6 10 0 4 8 5 11 5 1 15 4 11 15 11 4 14 10 5 7 15 13 
7 4 0 2 8 6 10 14 4 2 14 2 2 9 14 8 7 10 3 10 8 14 10 10 1 8 2 8 3 2 9 8 
13 2 12 15 8 11 5 13 8 9 14 4 3 15 15 9 4 6 11 5 11 14 15 7 10 4 0 10 1 0 9 2 
6 0 0 2 3 12 0 4 1 4 0 10 7 5 11 13 13 14 3 7 4 2 15 13 0 5 4 15 0 6 14 14 
12 2 15 1 3 0 3 7 6 2 5 14 8 7 3 9 0 8 11 3 2 11 8 9 1 11 3 14 12 1 5 8 
11 11 5 11 1 15 2 15 2 10 13 15 8 12 7 2 8 10 10 2 14 13 5 2 10 5 7 8 15 4 6 8 
9 9 10 1 7 14 4 0 5 1 8 6 13 11 11 4 0 10 14 14 11 1 5 6 5 0 9 0 9 9 15 1 
11 13 9 0 11 12 3 7 1 7 12 8 15 12 11 15 1 2 11 8 1 4 2 6 14 15 10 12 9 15 7 0 
0 10 5 11 13 9 7 2 15 14 8 14 9 1 9 6 2 9 7 2 6 10 10 11 4 4 7 8 10 2 14 12 
10 4 1 5 12 1 12 4 7 12 10 11 13 10 6 8 14 10 10 13 8 9 8 4 11 4 12 11 14 9 9 4 
0 7 2 9 11 4 8 7 5 11 14 0 13 7 15 0 12 0 15 5 9 0 6 10 4 13 2 10 12 15 5 10 
1 14 8 2 11 3 9 10 13 1 7 14 13 8 9 4 11 1 15 11 1 5 12 10 4 3 12 9 0 9 8 1 
0 11 15 13 13 10 11 5 14 5 6 14 3 8 1 9 2 6 9 8 8 13 1 3 13 13 10 12 3 1 8 8 
