5 1 6 6 4 10 8 11 8 8 12 8 1 11 12 11 3 1 14 7 12 0 9 0 15 9 15 11 2 0 10 13 
9 10 5 3 4 7 0 7 12 9 0 9 8 6 2 12 10 1 7 5 2 0 1 9 10 4 15 2 1 9 3 6 
2 11 13 15 5 6 14 12 11 1 14 10 5 10 1 14 10 10 4 14 13 1 6 9 9 6 4 0 0 11 6 2 
7 8 3 5 0 11 3 4 4 3 15 4 12 1 6 9 11 12 1 5 9 5 10 5 11 11 7 11 14 13 7 3 
15 8 0 9 15 10 4 9 2 2 4 5 9 13 10 11 6 1 6 0 5 6 11 0 9 13 14 12 12 0 4 12 
12 11 9 4 1 2 1 8 2 4 13 13 7 12 3 9 12 9 11 13 5 0 0 12 7 14 2 7 6 10 9 5 
2 5 14 2 10 2 11 15 9 15 4 1 4 14 10 11 2 6 7 13 1 6 11 10 9 11 11 5 0 1 1 6 
6 5 13 5 13 4 0 1 5 0 3 11 15 5 12 15 4 1 9 6 2 6 8 3 12 13 6 0 4 6 14 12 
5 0 1 12 3 14 12 3 10 12 3 0 14 3 2 8 14 1 5 3 7 5 7 7 12 10 14 4 10 9 7 12 
14 8 0 3 14 12 4 7 2 0 10 12 2 13 0 2 7 2 13 6 4 12 9 4 15 4 4 5 14 3 10 2 
5 1 0 4 10 8 9 11 0 7 1 3 13 8 9 0 14 7 15 9 14 1 2 2 9 8 10 4 1 11 15 5 
8 11 1 0 5 0 7 7 11 11 0 14 8 7 4 3 2 10 2 6 14 1 5 9 2 15 0 12 8 0 8 15 
8 6 8 0 1 14 3 6 10 5 6 4 3 4 5 6 12 15 5 10 4 10 2 5 9 8 15 7 0 5 10 12 
