12 15 1 7 13 13 9 5 0 6 0 7 14 15 3 3 11 7 7 5 15 8 8 14 8 14 9 7 2 7 2 0 
0 3 2 13 12 12 12 4 11 13 6 14 10 3 14 11 5 13 14 6 10 5 13 12 9 3 10 4 12 0 13 3 
13 12 8 13 8 15 9 6 4 2 7 3 6 14 7 11 5 11 4 10 11 14 3 7 0 13 13 0 3 12 15 15 
3 10 10 8 7 15 13 13 10 4 14 4 8 11 14 11 0 13 10 5 14 2 11 6 2 12 3 9 3 0 7 9 
9 2 10 3 1 4 8 6 3 8 12 13 1 8 9 15 3 2 1 14 1 4 12 10 4 11 14 1 14 6 6 14 
3 14 13 1 13 6 9 4 12 12 6 9 1 11 0 1 10 1 8 9 12 0 8 12 13 4 1 13 0 9 7 0 
7 6 4 7 11 14 13 11 0 3 11 7 4 14 2 15 15 2 12 13 11 11 5 0 12 6 9 12 15 9 15 2 
11 0 4 1 9 11 0 5 7 4 6 3 15 1 2 14 4 13 10 13 11 11 9 1 6 15 8 1 10 6 3 3 
15 9 10 15 9 9 13 14 9 13 3 14 15 1 5 11 12 8 10 1 12 14 14 15 4 8 11 14 14 9 10 1 
6 5 14 5 2 13 3 15 2 1 5 9 13 3 0 2 1 1 5 5 6 0 12 7 1 14 15 12 0 2 0 15 
15 8 6 5 15 13 13 8 3 15 15 7 15 6 1 3 13 3 3 9 7 14 14 5 1 4 13 6 1 13 14 0 
2 7 13 11 12 11 11 12 10 9 14 1 1 0 11 1 9 6 4 2 0 1 14 8 9 2 11 1 1 13 9 2 
0 8 15 5 10 8 0 0 12 15 7 7 15 6 15 7 8 1 9 2 9 12 2 8 4 5 6 4 11 5 14 4 
