6 9 4 10 4 1 3 7 8 10 9 11 12 5 15 6 2 3 4 11 2 3 9 7 3 3 9 6 13 8 6 14 
9 0 7 13 0 12 3 14 15 8 14 5 0 4 8 6 1 11 5 10 6 11 9 4 3 7 12 3 8 3 5 15 
2 3 1 15 7 3 8 11 5 3 11 15 10 10 13 0 6 7 14 6 9 1 11 9 14 12 10 2 12 15 0 10 
15 8 1 5 15 0 15 15 10 12 4 2 15 6 14 9 3 15 9 11 9 3 10 1 5 14 12 3 12 11 4 3 
1 0 13 4 8 15 3 10 6 11 8 1 5 12 0 6 6 2 8 10 6 1 6 13 0 6 7 11 8 3 0 8 
6 13 8 9 5 11 11 1 7 8 0 1 3 4 4 14 14 6 2 12 8 15 4 0 10 14 0 12 11 3 12 2 
0 4 12 10 2 4 4 4 8 10 7 15 4 13 9 15 5 4 12 1 1 7 15 3 12 8 4 13 7 14 11 15 
2 9 0 7 8 12 6 7 15 14 8 13 8 8 8 5 8 1 15 7 3 10 4 5 12 13 12 0 1 8 15 14 
8 5 9 0 1 10 11 2 14 0 0 5 4 3 8 12 3 1 7 15 12 2 3 1 3 15 6 11 11 11 14 2 
13 0 5 7 9 14 1 7 5 2 11 1 4 7 14 11 10 10 3 9 15 14 6 7 15 0 14 5 13 9 14 2 
0 13 13 13 12 9 3 8 3 3 5 5 1 15 0 11 8 7 6 0 5 9 4 4 6 14 6 4 12 7 5 12 
13 2 0 9 11 7 6 15 4 10 8 3 4 1 5 15 7 5 9 12 7 6 1 11 13 7 9 12 12 14 12 14 
13 13 13 5 2 5 15 11 5 2 9 0 0 8 2 6 0 15 1 9 4 6 7 9 10 1 5 3 2 7 11 14 
