4 4 15 0 8 15 3 15 10 8 14 4 9 12 10 13 2 6 15 13 6 8 0 1 1 10 1 2 11 0 13 15 
10 15 4 13 7 4 6 7 3 14 14 9 5 9 6 14 11 7 13 15 14 9 7 0 6 11 0 15 4 3 12 5 
1 5 13 1 6 15 15 10 1 7 13 5 15 4 5 1 9 7 14 15 10 9 0 15 3 11 12 9 3 9 5 8 
8 12 3 13 4 6 0 14 0 5 3 14 15 8 9 0 10 9 6 11 0 14 15 4 14 6 5 13 11 14 14 4 
8 9 6 4 15 11 5 14 11 7 1 1 8 13 2 6 0 0 11 4 15 5 8 6 10 3 5 0 11 10 10 12 
8 9 12 14 9 8 14 8 9 10 2 11 0 12 9 10 6 14 14 0 1 6 3 4 8 6 0 2 5 7 2 6 
10 11 3 12 13 10 11 13 1 6 11 6 3 3 1 12 15 7 10 11 8 15 4 1 8 15 14 2 12 14 4 6 
0 6 8 5 6 12 5 12 6 15 13 6 13 12 0 0 3 6 11 6 12 6 6 11 8 11 1 4 13 15 11 3 
8 1 6 8 2 10 9 1 11 6 9 1 7 3 3 5 10 10 10 2 9 12 9 5 1 3 7 15 3 9 13 7 
2 11 0 6 7 11 5 4 5 5 4 1 14 15 12 14 8 2 8 15 2 0 9 7 15 7 13 9 8 14 8 0 
5 12 14 11 3 9 1 1 6 12 0 5 9 6 8 5 1 14 12 10 15 13 6 13 6 6 3 7 11 10 1 11 
14 9 0 13 13 1 3 15 13 15 13 7 14 0 12 7 5 4 6 4 3 10 10 4 12 8 7 0 14 12 12 9 
8 6 9 11 6 8 3 10 0 12 12 0 1 12 4 6 4 15 0 6 8 3 13 9 10 12 0 12 7 12 0 6 
