8 3 13 3 4 6 1 13 13 13 3 3 12 4 15 9 15 5 10 12 9 5 12 12 5 4 5 7 8 5 3 5 
13 4 13 13 7 14 5 2 9 2 5 5 8 6 8 0 5 11 2 10 4 0 12 3 6 6 2 1 4 1 13 4 
3 3 14 11 2 14 15 1 0 7 14 5 3 11 2 5 2 4 1 2 8 13 12 0 5 0 14 6 6 5 10 4 
1 3 3 6 4 14 7 7 5 9 2 3 13 13 2 10 8 5 11 11 13 5 3 5 0 7 13 7 8 12 0 10 
7 1 7 14 6 3 5 4 13 7 1 15 10 0 7 0 0 5 11 10 11 4 13 0 0 5 12 7 11 3 2 1 
2 8 9 0 13 2 12 15 4 0 6 8 7 5 7 6 10 13 7 10 5 3 4 2 4 14 8 15 1 12 2 9 
13 4 9 1 7 8 4 10 3 0 1 1 7 5 6 12 4 7 7 6 9 14 6 1 13 12 11 3 1 4 4 14 
3 5 7 3 4 14 6 14 4 1 5 7 2 13 4 2 7 3 2 14 11 10 15 9 10 1 12 14 3 6 1 13 
9 4 2 6 10 2 9 5 11 3 2 15 10 13 15 11 12 5 1 4 11 3 3 12 9 0 6 11 10 12 4 14 
4 11 5 13 2 6 0 4 6 12 6 15 9 11 3 5 10 10 8 9 6 13 4 0 4 9 9 6 7 8 9 8 
8 3 1 3 2 9 7 9 5 15 5 1 14 13 3 12 11 15 8 11 2 2 7 7 4 11 5 5 4 0 2 0 
14 12 10 10 10 3 0 14 10 9 2 7 12 8 0 13 1 4 14 12 14 10 13 10 8 4 5 2 3 12 9 9 
14 9 6 7 12 13 9 0 1 9 13 6 14 9 15 9 11 10 6 3 15 3 15 9 2 3 15 15 2 0 13 7 
