9 0 0 11 14 3 7 0 15 10 6 4 1 14 8 2 2 5 1 3 11 14 10 8 11 6 5 2 4 9 13 0 
7 5 11 11 0 6 8 0 3 14 9 2 9 8 6 2 9 8 12 14 10 0 12 9 15 9 0 8 9 5 7 1 
7 14 10 1 13 2 1 12 1 7 10 1 10 8 7 5 8 4 11 9 14 15 8 1 1 7 1 14 14 13 6 12 
13 8 7 7 3 10 5 8 13 9 14 12 14 10 10 10 1 3 13 4 0 4 12 10 9 15 7 14 14 9 1 10 
5 14 4 7 8 10 4 7 8 11 10 8 14 15 2 11 12 8 8 2 2 5 2 0 5 12 8 13 15 10 10 5 
13 15 4 1 8 10 15 10 13 11 9 11 2 1 1 8 12 8 9 13 4 1 7 10 3 7 7 0 1 12 5 11 
11 5 3 8 7 8 12 1 2 9 14 8 9 8 5 0 9 5 10 15 11 11 15 5 8 12 7 4 5 7 1 4 
3 10 10 4 12 8 3 9 6 13 3 13 6 4 0 3 15 13 9 11 5 15 1 11 3 12 3 10 9 11 1 4 
1 3 8 7 6 5 14 0 5 5 13 1 12 14 14 1 8 10 11 10 13 5 8 2 6 5 10 1 9 6 9 6 
5 2 2 10 9 10 8 4 3 13 8 6 4 1 13 0 1 11 3 12 10 11 14 4 4 5 1 5 10 0 10 12 
13 3 2 3 5 7 2 7 0 8 4 10 12 1 6 8 1 5 15 11 10 1 12 6 11 1 0 13 9 7 1 6 
2 5 1 1 3 8 3 12 1 3 1 15 6 14 10 10 14 12 15 8 3 9 11 10 14 13 8 9 6 7 2 15 
13 4 8 15 10 9 3 10 10 5 15 11 9 13 11 2 15 8 2 2 12 11 1 6 14 2 2 10 0 10 12 1 
