3 13 9 9 8 9 0 10 15 11 13 4 2 8 15 7 13 6 6 13 6 12 14 2 8 12 11 8 11 5 10 6 
8 11 15 3 2 4 8 6 11 10 8 15 11 5 12 7 5 8 12 6 1 7 3 11 6 10 13 9 8 4 13 5 
14 11 13 13 12 12 10 1 5 8 15 13 4 12 5 6 5 14 5 3 3 8 15 6 8 7 0 4 6 10 15 1 
15 8 15 1 8 0 8 3 8 7 11 12 8 15 11 7 1 9 10 3 2 13 8 2 9 12 7 11 8 3 14 4 
1 4 7 13 3 12 13 9 7 1 4 1 5 15 7 2 12 7 0 0 4 7 8 1 15 11 14 15 1 8 12 5 
1 11 5 13 12 8 4 5 14 3 9 10 10 13 4 0 12 14 15 0 15 9 6 9 15 12 12 4 15 12 0 7 
13 15 4 2 10 13 1 3 12 12 14 14 9 7 2 9 13 8 1 6 8 7 8 11 12 1 13 10 5 14 9 6 
4 11 14 4 10 6 14 0 15 10 10 3 3 3 0 0 15 14 7 8 10 9 1 1 7 3 15 1 10 0 10 3 
1 3 15 2 11 3 13 15 9 9 1 15 10 1 12 4 12 1 4 9 2 7 5 14 6 3 14 12 9 1 13 2 
9 5 14 4 15 15 3 4 0 11 6 4 13 3 0 15 6 6 6 14 9 11 12 5 2 15 10 1 11 6 8 6 
9 6 5 1 5 2 4 2 15 2 13 6 8 0 12 14 0 0 2 4 11 11 6 8 12 3 12 13 12 6 2 11 
6 9 15 6 14 7 13 4 4 4 4 10 9 10 4 15 3 7 5 0 5 13 15 8 0 14 13 8 7 4 4 8 
8 11 11 5 12 11 3 3 9 14 15 14 8 8 12 7 1 9 6 14 7 1 5 4 5 2 1 5 8 2 6 0 
