14 9 11 4 4 11 6 10 7 9 11 14 2 9 10 2 0 15 1 9 7 2 8 1 9 9 7 4 14 4 14 8 
7 0 4 4 0 2 2 5 9 13 12 10 1 13 10 0 5 13 5 13 1 1 5 13 5 14 6 2 10 11 0 12 
6 14 3 2 10 4 12 6 7 1 1 4 4 3 2 6 11 14 3 11 9 3 10 14 9 12 10 12 11 1 5 9 
13 11 7 1 15 8 11 8 15 1 2 13 15 5 9 6 6 3 15 9 4 4 9 7 14 14 7 0 5 3 9 5 
11 0 0 4 10 9 12 6 12 15 0 2 2 6 3 7 5 11 5 4 1 15 11 10 15 0 0 15 5 2 0 11 
10 12 4 12 11 1 4 7 0 1 3 12 15 9 8 11 14 15 11 2 5 9 9 3 1 2 7 5 10 15 12 13 
8 2 4 2 12 10 6 13 15 11 3 1 15 14 0 0 8 4 5 11 12 12 13 1 10 2 10 5 8 6 13 14 
15 12 6 11 8 2 12 7 2 15 0 10 3 11 8 0 3 5 5 6 14 5 11 0 1 4 14 10 13 12 13 7 
15 1 0 12 8 5 11 3 0 0 11 10 15 15 0 8 5 8 6 5 9 3 13 11 15 2 8 14 9 13 7 10 
0 10 4 10 4 10 11 12 13 8 12 1 2 9 9 15 9 9 4 2 7 11 10 0 3 4 8 13 5 1 2 15 
5 3 14 8 13 11 14 15 13 4 1 10 11 13 3 7 9 15 7 13 5 8 8 15 10 0 10 15 14 5 2 1 
4 10 4 11 14 10 10 13 2 8 7 9 3 4 11 0 7 3 0 2 2 0 14 5 15 11 13 3 6 8 9 9 
0 14 2 14 3 10 4 11 0 4 5 14 6 5 4 5 2 10 12 11 1 3 6 3 4 0 3 6 0 13 6 0 
