13 10 11 14 3 12 4 13 14 1 7 15 14 9 9 7 10 11 4 13 5 14 1 1 13 10 10 10 10 12 11 4 
14 4 13 12 12 8 9 15 5 13 14 15 9 3 3 11 13 12 12 13 6 7 4 4 11 8 0 0 13 5 0 3 
0 0 13 12 1 9 14 8 12 15 10 12 0 6 14 8 14 13 4 9 1 13 2 13 4 10 0 2 8 6 4 1 
11 2 7 13 0 10 5 9 10 12 13 2 8 9 8 3 15 10 11 6 4 1 14 1 7 7 11 7 11 12 7 9 
12 14 6 12 13 12 14 12 0 8 8 11 8 9 7 14 7 1 5 0 15 1 5 9 12 14 9 5 14 9 3 1 
9 5 9 8 10 2 9 14 6 5 6 14 0 4 10 13 2 0 5 9 12 5 9 15 12 8 4 5 14 8 3 1 
14 15 13 4 9 12 4 9 5 8 8 13 10 3 10 0 9 4 11 4 15 11 12 14 3 13 6 14 7 12 12 4 
3 13 9 3 5 9 7 8 4 8 11 7 12 12 11 12 3 8 3 3 5 12 2 6 15 12 13 3 2 10 12 7 
8 11 13 11 8 13 13 1 4 12 14 15 0 1 3 1 14 2 11 2 10 4 0 8 13 14 4 8 0 1 5 12 
7 0 1 10 2 7 6 14 13 8 8 1 8 11 13 9 12 3 10 5 6 6 8 4 11 14 15 14 9 1 7 14 
4 8 2 5 5 4 7 9 13 8 8 3 2 2 7 12 4 14 2 5 7 13 10 12 2 2 0 9 2 3 0 1 
15 7 4 9 13 1 4 3 1 9 0 3 5 10 5 9 2 12 8 6 10 4 2 13 0 11 2 6 0 9 5 3 
7 15 6 0 11 11 2 5 13 4 15 13 1 0 1 6 8 1 14 15 10 14 11 0 2 8 11 14 5 12 6 3 
