2 4 1 9 8 13 0 11 8 9 10 8 1 0 1 7 12 9 3 7 2 13 14 2 11 6 8 11 8 3 5 10 
9 0 2 7 5 12 7 12 9 14 0 8 8 2 12 0 13 13 10 0 10 1 0 15 1 11 5 4 9 8 6 1 
2 12 2 1 0 10 6 2 2 15 14 4 15 5 8 0 10 1 1 3 2 8 6 0 15 8 1 1 11 7 4 3 
12 1 2 4 7 2 13 1 3 1 15 3 0 7 3 10 15 15 1 8 9 7 3 4 1 5 0 5 12 2 2 12 
14 4 0 6 0 15 14 12 2 11 6 7 8 4 0 12 2 2 12 7 12 0 4 9 6 2 3 0 2 7 2 9 
1 1 7 6 4 14 13 11 6 1 13 0 9 10 12 12 6 8 7 3 10 2 0 1 4 13 8 1 8 6 7 13 
2 5 13 5 0 5 15 2 13 11 14 3 12 6 12 3 4 10 15 11 4 2 3 15 5 5 6 5 14 8 11 10 
6 5 1 8 14 2 11 6 14 15 11 12 13 12 8 8 3 2 1 1 11 0 3 15 5 8 11 5 12 6 8 12 
8 14 7 11 10 13 15 0 11 1 6 3 1 7 7 9 6 11 15 11 7 7 6 7 12 13 14 10 1 12 12 6 
0 9 14 6 4 13 14 11 8 1 3 4 2 0 5 5 5 11 12 7 6 13 10 13 15 1 11 3 9 8 6 2 
15 10 6 8 14 14 15 13 8 8 5 8 15 8 14 4 8 6 0 7 13 6 5 14 14 2 3 14 10 11 5 5 
14 10 7 3 1 12 2 6 0 1 3 13 15 15 9 15 10 9 9 7 13 4 13 11 13 9 0 15 1 4 0 8 
12 15 12 5 15 5 13 0 15 0 10 5 9 0 14 15 14 5 13 13 8 13 7 0 4 2 1 14 2 3 1 15 
