11 5 11 3 12 2 5 7 15 14 12 5 6 10 10 14 14 0 1 6 9 6 5 8 7 14 4 7 11 0 13 14 
13 11 0 2 8 1 11 0 11 8 15 7 11 13 6 5 15 3 12 4 12 5 15 2 2 6 15 15 10 8 15 11 
11 3 2 1 2 7 10 6 13 7 0 12 3 3 11 7 13 8 13 3 10 9 7 1 7 10 6 0 13 13 10 3 
2 13 2 9 0 15 0 11 7 14 10 5 6 13 6 9 2 15 15 10 9 11 15 7 10 4 1 10 5 14 15 12 
14 9 12 0 5 0 6 6 8 15 14 15 12 5 12 15 11 14 5 5 0 1 6 13 7 12 3 12 10 4 15 6 
4 12 4 6 9 15 12 9 12 1 8 5 1 7 4 1 11 15 0 8 15 9 7 10 14 12 1 7 1 0 14 7 
2 15 9 9 15 4 13 7 10 15 14 12 2 0 14 12 13 15 5 11 8 6 11 3 11 2 11 5 8 10 5 8 
9 13 15 13 0 6 8 2 10 12 4 3 10 3 6 15 4 2 0 4 0 1 12 3 8 8 8 6 1 10 4 7 
6 1 6 15 0 5 9 7 8 1 14 15 9 3 5 8 15 7 7 13 6 11 13 9 11 4 7 8 9 7 10 15 
5 3 5 5 7 9 10 13 2 0 0 14 10 1 0 3 2 5 5 11 10 3 2 10 15 10 12 5 9 9 1 7 
8 11 5 12 10 10 12 10 13 0 12 5 3 13 9 14 0 12 0 1 11 5 3 0 5 13 2 15 15 13 6 11 
13 6 0 5 13 4 11 14 2 5 6 8 15 14 14 0 3 9 11 7 8 1 10 12 7 5 8 10 12 1 13 15 
14 2 2 11 7 2 11 10 5 5 15 8 8 3 0 4 15 3 3 10 6 3 1 14 4 14 5 11 5 14 10 15 
