3 14 2 1 8 6 10 13 3 2 0 15 6 7 13 11 5 7 15 11 13 1 10 13 12 6 4 9 4 13 9 15 
4 13 12 11 11 5 9 9 8 13 6 15 6 1 8 3 2 1 12 5 2 3 1 12 10 8 10 3 13 0 5 7 
1 1 12 5 4 13 14 4 2 1 12 1 11 10 2 0 7 0 11 15 5 10 3 6 12 9 6 8 3 13 7 10 
5 3 9 2 6 14 1 8 6 4 5 0 2 9 7 14 14 2 9 9 6 9 7 12 2 8 10 5 15 10 10 15 
4 13 6 8 11 12 12 6 12 7 14 4 1 5 10 4 1 8 5 15 7 12 3 2 2 14 8 4 9 14 14 0 
10 11 8 14 14 12 13 2 0 12 10 13 1 7 10 3 9 11 10 5 10 13 6 9 4 9 1 0 14 6 12 0 
6 2 12 14 1 10 10 14 9 6 2 4 9 3 14 3 6 8 10 13 7 2 13 14 10 14 10 10 4 12 5 10 
9 3 8 5 2 10 11 9 10 8 11 15 8 13 1 12 6 7 10 10 9 7 11 1 0 0 7 4 10 3 6 9 
6 1 12 12 15 9 7 8 8 2 12 7 9 2 11 12 5 5 5 0 13 0 14 5 14 8 15 1 4 5 2 2 
4 4 4 8 12 15 14 15 6 8 1 4 7 5 6 8 3 10 9 0 1 3 9 9 0 1 7 2 8 3 10 10 
3 15 12 8 0 9 10 7 9 10 7 14 10 4 5 7 10 15 6 4 2 12 11 2 8 10 15 10 10 10 11 5 
1 1 8 13 5 11 5 9 7 15 8 12 15 15 10 1 15 13 7 10 3 6 14 15 0 2 0 2 9 3 3 1 
8 5 1 4 6 12 6 8 1 12 4 11 15 11 13 1 12 6 12 1 12 11 9 6 13 8 1 4 1 9 1 11 
