14 12 5 9 9 11 6 3 6 1 14 8 2 12 13 4 1 13 0 15 6 15 8 9 6 0 13 10 14 15 4 14 
8 2 0 15 15 11 11 6 14 8 15 3 0 2 13 5 10 6 8 7 12 9 1 4 9 7 9 8 11 9 2 14 
11 3 8 15 14 15 13 11 10 12 7 10 13 11 3 6 7 11 13 7 1 11 12 3 8 6 4 10 3 2 7 3 
1 4 7 1 7 11 11 3 0 12 10 7 6 10 1 1 10 5 3 10 9 9 3 9 5 6 1 7 5 6 6 9 
11 9 1 1 4 12 5 8 3 0 2 15 12 14 8 6 15 8 3 15 15 10 2 1 9 4 5 5 8 5 15 12 
0 15 1 11 11 2 9 10 11 0 15 7 0 7 9 7 8 1 2 10 4 14 8 11 3 14 2 14 7 0 0 13 
10 14 12 15 13 6 2 4 5 1 6 3 4 5 13 15 13 1 15 12 5 13 8 3 14 5 4 0 9 11 1 9 
3 0 1 0 8 10 3 3 0 8 4 14 8 4 1 13 3 5 14 6 3 11 5 7 2 5 15 1 1 2 13 1 
9 12 3 12 11 12 9 0 1 10 0 1 6 10 8 4 3 4 2 12 8 9 7 9 0 8 5 14 7 11 3 0 
10 8 1 12 4 15 10 15 13 4 8 12 5 12 15 8 7 2 14 1 5 2 0 9 2 4 11 3 8 5 2 9 
2 8 14 2 4 11 3 8 3 0 3 14 12 6 0 2 9 2 13 15 12 15 3 6 10 11 10 0 2 0 5 4 
8 12 10 5 12 0 10 14 3 1 14 14 14 9 12 10 4 2 15 9 8 9 10 0 4 6 15 1 6 15 7 15 
12 3 14 3 6 10 12 9 2 7 3 13 3 11 9 14 5 13 4 9 1 1 12 1 9 10 5 4 5 11 7 4 
