2 15 0 6 11 4 2 12 2 3 9 15 7 13 3 5 2 7 13 7 9 13 9 5 0 0 13 3 3 5 8 8 
12 14 13 6 4 5 10 14 5 12 13 12 1 6 13 11 1 7 8 0 11 13 10 1 2 5 5 0 5 6 8 10 
1 11 5 13 12 5 6 11 3 3 13 12 6 8 1 10 13 3 2 5 8 3 14 9 14 13 3 4 10 10 3 10 
12 0 5 15 14 4 14 13 12 0 7 11 3 15 1 5 8 0 15 7 10 1 6 15 2 11 10 12 8 11 15 11 
15 15 3 12 0 0 0 7 13 9 6 6 12 9 3 8 6 13 2 6 15 5 9 1 5 14 3 8 13 2 14 6 
9 15 12 10 9 8 3 2 13 9 3 11 0 11 0 12 4 11 4 11 1 8 12 1 0 6 6 10 5 10 3 11 
3 5 8 4 7 2 14 8 10 13 13 0 13 4 7 9 3 5 14 10 5 12 8 11 6 4 5 4 8 0 0 6 
1 5 12 14 7 3 15 7 11 1 11 10 3 0 2 9 12 2 13 7 13 15 15 3 4 8 13 1 12 12 3 10 
4 3 1 2 1 3 7 4 8 11 5 5 3 0 13 9 15 4 7 10 8 13 10 7 10 1 2 7 3 0 7 4 
8 7 4 12 10 9 14 7 10 1 14 14 2 5 2 2 9 6 13 4 5 10 5 0 10 2 3 11 9 9 0 0 
14 8 3 10 12 15 6 1 2 9 5 6 14 8 2 0 1 15 4 11 10 15 0 7 2 5 8 1 7 9 2 6 
4 12 12 13 2 0 4 12 1 1 11 10 15 8 10 7 6 11 11 3 15 5 4 1 0 6 10 8 5 6 7 3 
13 13 9 2 14 8 3 6 10 7 4 0 14 3 1 7 6 1 2 9 4 15 9 13 6 1 15 9 4 15 15 2 
