3 1 13 3 4 9 7 6 9 6 6 14 13 0 4 1 5 11 1 14 15 13 13 8 2 0 2 14 8 0 4 7 
9 14 15 5 8 2 15 0 2 12 6 7 7 8 5 15 4 5 1 1 0 8 11 0 7 3 14 6 15 2 6 11 
14 5 9 13 12 9 11 1 3 0 10 13 13 0 12 1 11 10 8 9 10 10 9 9 3 1 7 9 11 7 4 1 
10 5 9 12 3 13 10 10 14 2 7 1 0 9 12 5 12 14 0 14 1 1 1 11 6 5 9 5 12 11 2 3 
4 13 14 2 10 10 10 9 7 6 2 7 11 0 9 1 6 10 6 9 8 4 12 9 15 13 13 13 9 11 11 15 
8 13 14 1 0 1 1 13 8 0 9 9 9 12 13 9 5 0 3 5 8 7 8 10 12 11 3 3 10 7 2 6 
2 0 5 5 1 10 5 1 0 3 8 3 14 14 0 14 6 14 12 13 3 9 0 7 4 7 7 10 2 9 13 3 
8 11 15 12 11 6 4 9 5 14 12 7 3 2 7 7 1 4 8 1 11 13 6 9 10 9 7 2 15 12 10 6 
11 7 13 3 2 10 4 15 15 10 5 13 10 0 6 9 0 9 10 13 12 9 10 1 3 6 3 5 11 5 13 8 
2 10 11 5 6 11 5 1 11 5 1 6 0 10 10 15 14 13 11 7 1 7 0 14 14 2 6 2 13 1 2 12 
0 0 3 7 10 1 6 5 12 2 0 11 10 1 8 15 14 12 1 6 3 6 2 5 15 9 14 2 5 4 5 12 
10 3 0 5 10 11 4 6 11 11 3 14 1 5 1 8 14 7 12 9 9 8 5 11 7 3 0 11 6 10 8 13 
8 3 0 6 1 3 1 0 8 6 7 11 13 8 7 4 14 14 6 0 12 9 4 3 2 12 13 8 1 13 6 6 
