11 7 9 12 7 0 12 12 4 0 5 0 10 6 12 15 2 13 5 3 9 2 14 4 10 7 11 13 14 1 6 9 
1 5 0 9 7 12 11 4 7 9 14 11 6 14 9 8 11 6 5 10 10 14 6 13 11 1 10 6 15 8 8 15 
8 9 10 0 2 8 14 9 9 15 7 1 8 14 8 7 6 6 2 6 15 15 5 2 9 10 0 10 6 11 15 0 
5 9 12 1 14 11 4 9 6 15 6 7 0 7 5 1 9 4 6 9 8 7 11 7 10 11 14 12 8 13 0 12 
10 8 7 12 1 14 1 7 1 8 5 4 11 0 14 6 0 6 13 4 10 2 14 4 0 2 2 8 12 12 5 8 
11 14 8 11 0 7 12 9 11 1 13 2 4 13 8 0 7 7 13 1 8 5 14 8 5 12 3 2 5 10 6 2 
10 9 6 7 2 5 15 12 15 14 6 11 5 2 15 12 3 8 9 3 6 12 13 0 6 6 5 0 6 3 11 0 
2 12 7 0 13 13 14 14 15 13 13 1 1 12 12 15 0 4 15 5 5 7 0 7 12 9 10 14 11 0 9 11 
0 8 4 4 14 11 7 7 4 11 2 3 10 12 6 14 13 12 5 11 3 11 7 13 15 11 2 6 0 1 12 11 
8 10 3 5 15 10 7 5 8 2 4 4 2 0 1 2 10 8 11 0 1 7 15 10 7 1 14 2 9 15 7 6 
0 15 5 4 6 0 3 13 1 12 1 4 2 4 11 2 5 11 13 1 4 1 8 11 15 14 5 4 11 11 9 14 
12 1 11 11 9 13 4 7 1 5 8 11 9 4 12 12 1 5 9 5 9 10 5 0 4 2 7 12 14 9 0 8 
12 13 13 6 7 2 6 12 12 14 15 15 0 10 7 13 7 2 2 11 10 11 6 12 14 2 10 0 4 12 9 15 
