15 0 3 15 1 15 12 8 2 1 8 6 6 1 10 2 13 4 3 1 0 11 5 13 10 7 2 0 15 15 4 14 
14 12 14 9 0 6 15 9 1 8 11 15 0 11 11 14 8 7 14 11 8 14 5 4 3 6 13 8 13 7 4 14 
10 0 4 13 15 14 11 0 11 3 4 5 11 11 15 10 15 8 13 10 13 6 4 9 1 5 1 8 1 14 12 14 
10 11 13 2 11 1 7 10 0 11 2 11 11 15 9 9 3 10 11 15 12 15 1 13 12 0 11 12 1 11 5 10 
11 2 5 9 7 3 14 2 0 10 7 6 10 4 4 1 9 5 11 0 14 3 7 14 10 4 1 1 9 13 11 0 
8 12 11 2 15 10 5 11 14 0 13 13 10 11 5 14 1 1 10 1 15 5 2 14 8 15 2 1 4 6 6 3 
14 11 1 15 12 9 1 5 0 6 14 7 9 12 4 0 5 2 8 4 11 11 7 11 9 3 5 13 13 6 3 15 
10 4 4 7 1 8 6 8 15 4 12 9 2 7 12 0 10 2 7 10 15 5 8 2 14 11 6 3 12 6 10 7 
11 7 12 1 1 8 3 3 7 11 3 9 13 4 15 12 1 12 12 9 5 13 13 4 6 13 2 9 15 10 4 12 
0 9 11 11 3 13 0 9 6 12 4 14 2 13 3 0 3 5 10 0 10 3 4 5 14 12 2 7 10 10 4 11 
5 3 10 15 10 6 14 3 15 10 11 1 9 8 7 12 10 4 14 2 1 7 15 4 14 3 1 6 10 13 15 11 
7 2 1 2 12 6 7 8 11 3 9 4 13 3 13 6 9 2 1 0 8 6 3 12 2 13 15 12 4 4 11 4 
14 2 14 13 12 9 3 0 9 11 1 12 4 0 13 12 14 0 10 15 7 5 9 11 8 15 14 14 10 4 13 1 
