5 9 10 14 8 6 4 9 2 2 2 1 11 15 15 6 7 0 14 13 11 0 4 12 15 10 13 14 0 13 15 0 
6 4 3 2 15 2 12 2 11 7 6 12 13 5 10 12 2 13 7 13 4 11 11 6 7 12 15 10 15 7 9 4 
11 11 13 15 8 13 9 0 13 4 10 0 12 11 4 11 2 8 11 9 5 12 10 8 14 11 2 5 14 1 10 2 
8 1 11 7 5 8 0 5 4 5 0 2 9 6 13 3 10 13 10 10 7 12 3 2 1 10 4 1 3 14 11 4 
13 10 6 0 10 8 10 14 14 15 7 15 4 6 15 8 14 11 12 1 14 6 15 2 11 15 1 9 7 10 14 0 
0 8 2 7 6 0 5 5 8 9 3 0 3 10 3 13 0 15 13 0 11 8 0 0 3 14 13 1 9 12 0 1 
3 15 14 12 1 13 8 3 7 9 2 15 10 8 14 8 8 0 5 3 3 13 10 0 12 8 12 0 0 8 14 15 
9 14 13 12 8 7 12 11 8 4 0 15 13 4 8 15 10 2 15 5 2 4 2 15 5 6 3 3 4 15 12 3 
3 7 4 9 0 12 3 4 1 14 10 3 10 5 15 1 4 4 12 13 15 9 6 0 8 14 0 11 1 9 5 10 
12 6 4 4 7 9 5 6 5 6 4 4 1 9 9 2 0 5 0 3 4 0 6 14 5 8 15 0 3 10 1 10 
8 0 14 5 0 11 11 15 4 2 7 14 13 15 15 12 13 7 6 1 15 2 3 3 2 3 9 6 11 1 1 2 
0 1 5 3 15 10 12 10 15 9 6 4 12 3 0 5 5 8 6 13 10 9 14 14 6 10 11 2 10 10 11 2 
2 9 15 12 12 0 5 10 13 9 12 1 2 5 15 0 10 9 1 5 3 5 6 15 10 5 0 9 8 13 6 11 
