6 6 0 7 4 14 13 2 12 6 5 5 14 8 9 7 0 1 12 12 13 4 11 2 10 11 14 12 12 6 1 2 
10 4 6 15 4 9 7 12 1 4 8 8 1 10 13 12 9 13 8 10 0 11 12 2 2 15 13 13 13 5 14 1 
2 6 10 14 5 10 10 2 8 9 0 9 15 9 6 14 12 13 11 14 5 8 1 1 8 5 7 2 13 11 10 11 
14 0 9 4 7 5 8 2 8 4 9 12 2 10 3 4 3 5 0 14 4 4 9 1 13 7 12 1 6 7 14 5 
9 8 5 11 5 14 15 7 10 9 14 13 7 11 6 10 7 7 13 15 14 15 11 2 14 10 9 8 9 3 4 1 
9 2 10 0 1 12 5 10 15 5 1 0 11 7 4 10 3 3 8 13 0 9 14 9 3 12 12 9 15 14 14 15 
13 5 6 4 7 7 0 12 6 6 2 9 3 3 5 7 6 7 5 5 6 1 12 2 13 14 0 10 13 0 6 4 
14 11 4 12 15 13 13 12 1 11 6 3 0 1 4 6 4 5 14 13 6 7 13 12 13 8 6 3 10 0 15 0 
8 5 2 2 11 11 13 12 6 13 11 10 6 5 15 14 6 12 14 10 9 5 12 7 2 4 3 7 6 6 6 5 
3 9 13 13 4 3 5 3 11 9 8 13 12 13 13 13 11 0 2 14 14 0 12 3 7 3 12 9 2 6 5 9 
5 8 3 7 11 12 1 0 10 13 1 9 15 5 15 13 12 12 8 11 3 11 11 12 6 6 14 2 4 10 2 5 
14 8 0 7 14 5 11 6 14 7 12 7 10 0 12 11 10 14 15 12 0 13 13 14 8 11 7 3 7 8 0 2 
12 11 12 13 8 8 1 2 4 6 13 1 7 6 15 15 7 12 7 11 8 0 12 7 14 10 14 2 8 11 2 1 
