12 14 0 11 3 0 10 11 4 0 13 8 13 2 12 4 8 0 7 5 1 15 7 1 3 0 10 1 2 1 10 2 
5 9 11 14 7 12 13 8 14 13 11 4 11 0 1 15 5 2 14 1 10 3 2 8 8 10 9 3 4 13 11 12 
5 11 1 12 15 3 15 7 1 7 7 14 15 8 6 9 14 3 1 2 13 1 11 14 8 11 9 9 12 4 14 1 
1 11 14 5 4 6 9 9 12 2 13 2 9 2 7 2 14 0 11 14 4 10 5 6 14 4 3 7 5 14 2 12 
12 2 11 8 1 3 8 5 4 10 7 9 12 15 15 1 1 14 2 5 2 11 4 7 11 8 8 7 10 0 14 5 
15 14 1 10 6 4 5 5 8 2 13 12 3 1 9 10 1 5 15 8 3 2 13 13 14 15 6 15 0 5 0 1 
3 6 13 11 12 0 1 14 12 4 6 14 2 8 3 3 4 6 6 4 14 9 3 6 2 1 13 5 6 10 9 8 
6 9 4 6 13 4 2 3 15 10 10 13 4 14 3 6 11 12 5 12 12 3 3 1 2 2 15 5 3 15 5 10 
8 9 0 2 10 2 6 8 11 15 11 2 3 6 1 4 4 0 0 4 14 3 7 8 14 14 0 14 6 2 2 6 
5 10 8 6 4 15 1 0 15 9 4 9 1 11 4 11 12 1 2 5 4 8 8 1 1 14 5 6 2 10 1 10 
13 6 12 13 0 7 12 7 2 11 1 1 13 11 2 10 11 2 12 4 8 14 13 5 1 11 14 12 9 11 10 2 
13 3 3 5 0 0 3 5 14 5 8 15 5 4 9 2 11 10 6 6 4 2 8 5 5 6 8 12 13 11 3 13 
7 11 15 0 2 7 1 9 4 3 10 7 1 4 14 10 7 5 11 7 8 10 12 13 9 2 14 2 10 8 7 3 
