13 8 15 7 11 5 2 10 5 13 5 1 14 9 15 9 2 13 14 13 15 10 9 9 6 14 0 2 8 5 14 13 
8 2 15 15 12 7 11 5 15 4 2 1 4 5 3 13 1 5 6 12 7 10 8 4 12 13 9 10 15 2 1 10 
4 14 15 7 8 8 3 6 1 3 9 2 10 15 3 14 1 14 0 4 6 11 8 2 11 5 12 13 11 11 9 14 
11 5 14 9 7 10 7 0 3 6 12 13 12 9 9 5 13 14 10 8 3 15 12 3 9 12 7 0 4 7 6 9 
5 3 14 9 8 10 5 7 0 2 6 14 14 15 12 15 11 15 1 3 11 1 7 6 10 4 12 3 13 2 11 15 
15 14 3 2 0 12 11 10 14 10 3 11 11 7 15 4 15 6 9 7 7 12 6 3 3 0 5 1 11 12 4 0 
11 14 8 14 2 12 14 8 4 13 6 4 13 9 3 1 6 3 4 3 1 9 2 6 11 2 12 2 14 9 10 8 
9 5 8 15 6 1 5 13 11 4 12 15 6 4 2 15 8 12 5 3 15 8 1 3 6 7 8 7 12 6 5 14 
9 1 11 7 5 11 13 9 11 7 2 6 1 9 10 0 7 4 12 0 14 2 12 14 7 7 7 9 2 5 4 12 
3 1 14 5 9 12 12 2 2 6 10 7 14 3 14 6 0 0 12 6 10 6 4 10 12 5 13 7 7 8 0 0 
8 2 0 14 5 4 4 3 4 13 11 7 5 10 13 8 8 13 10 14 7 5 14 10 14 1 8 8 7 9 1 5 
14 14 10 4 7 2 12 1 8 9 4 1 6 6 7 11 10 1 9 3 4 15 9 5 11 13 0 11 2 8 15 0 
4 3 7 8 11 10 4 1 6 10 11 0 8 4 4 9 8 14 11 0 12 5 5 7 3 7 14 13 10 4 12 2 
