1 8 5 0 9 7 15 5 1 10 7 7 4 9 8 1 10 9 3 15 4 2 6 10 9 6 9 4 15 15 9 1 
13 6 12 12 9 0 4 15 0 9 5 15 0 8 9 14 3 3 4 8 10 5 11 1 4 0 4 2 1 8 8 13 
7 4 2 8 3 5 2 5 6 2 15 12 11 9 0 10 13 4 12 0 8 5 2 9 7 9 12 1 3 4 13 8 
0 9 6 13 1 12 9 11 2 12 4 15 12 9 9 15 10 10 3 3 5 6 9 4 8 13 13 11 7 9 13 4 
0 11 3 0 2 6 3 5 5 14 14 11 7 5 11 6 1 13 11 2 13 8 0 2 15 10 13 11 1 2 5 11 
7 6 12 11 5 13 10 10 11 5 14 7 14 12 11 6 8 9 2 15 8 14 15 11 14 4 9 1 4 0 9 14 
7 10 12 15 7 7 13 1 8 9 8 12 13 5 0 12 6 15 3 3 5 4 0 7 3 4 13 0 8 6 9 10 
1 4 8 6 2 0 2 2 9 7 7 12 1 11 7 6 5 6 3 7 2 4 6 9 1 4 2 1 5 10 3 9 
2 1 15 5 11 11 7 8 1 9 10 3 7 9 7 8 8 11 4 12 15 5 13 2 5 11 11 9 11 9 5 1 
7 14 13 6 0 14 14 8 3 6 5 2 11 7 12 15 13 5 9 14 7 9 1 6 9 6 2 5 1 14 5 0 
7 12 8 14 1 6 10 6 8 1 12 8 8 4 6 7 11 5 6 9 7 6 14 3 1 9 3 1 2 9 9 1 
8 11 12 4 12 3 15 6 12 7 15 8 13 12 10 11 8 2 1 15 11 9 13 15 9 3 14 10 12 5 7 9 
15 7 10 15 1 5 1 3 2 0 14 13 8 11 13 11 13 3 15 13 14 6 0 14 13 1 1 10 11 15 14 9 
