7 0 10 6 14 15 1 3 4 6 0 5 2 7 7 11 6 15 10 12 2 6 5 1 0 15 11 6 11 11 6 12 
11 2 1 15 8 2 1 3 6 5 10 3 1 1 3 10 10 9 14 5 5 2 7 4 0 10 1 13 8 15 8 1 
1 4 11 1 9 6 6 4 13 1 7 4 8 3 8 15 0 9 8 0 7 3 11 5 8 6 10 2 10 12 8 1 
1 11 9 13 12 11 3 8 10 13 7 6 7 11 8 10 9 1 4 2 3 8 5 10 5 12 7 9 12 9 13 9 
12 2 9 11 14 14 9 7 10 3 8 15 11 1 9 5 7 14 6 8 9 8 8 14 4 15 14 11 8 1 3 13 
11 12 2 14 4 7 5 6 6 8 1 11 15 12 15 8 2 1 13 2 8 5 11 12 4 5 5 12 5 10 13 4 
11 6 6 13 13 0 6 6 5 0 8 14 0 14 15 2 0 14 10 7 11 6 13 4 8 10 2 14 7 15 3 6 
5 3 13 4 4 8 13 11 13 8 1 11 4 5 15 6 1 8 7 12 4 14 13 6 1 2 15 9 15 2 6 11 
13 3 1 3 12 13 0 15 7 7 2 14 11 14 10 7 2 9 7 15 3 6 8 9 3 1 11 12 11 3 1 12 
11 12 15 2 15 7 11 4 14 5 1 6 10 2 13 12 2 8 9 0 15 2 9 13 15 2 3 10 14 5 3 13 
7 1 8 2 6 8 2 3 14 2 3 9 10 2 8 12 12 12 4 8 4 9 10 2 5 4 6 10 0 12 7 8 
12 11 12 2 10 3 7 11 10 12 15 10 12 11 12 4 4 0 14 8 10 14 10 5 10 3 6 14 10 14 1 13 
12 15 6 9 9 0 7 7 11 10 13 13 2 0 5 13 8 5 2 5 4 10 1 15 4 4 9 3 7 11 1 7 
