14 11 8 3 9 11 0 2 14 7 14 9 1 14 0 11 2 10 11 9 14 3 5 14 4 9 14 9 11 3 11 0 
5 5 11 8 10 6 9 8 8 5 5 4 8 6 14 13 6 14 10 1 14 14 8 7 2 4 2 0 6 13 8 14 
3 9 8 10 9 4 14 10 15 0 6 15 0 15 9 8 5 12 0 14 11 6 13 4 2 6 15 7 10 4 9 5 
0 13 14 2 4 9 5 7 9 7 0 15 8 1 5 3 5 2 1 7 13 2 6 9 14 9 6 3 8 14 13 3 
14 8 6 11 15 14 7 12 13 9 2 2 10 15 13 1 7 11 12 15 11 2 15 5 8 6 15 8 4 14 1 3 
13 10 12 7 13 5 11 10 1 10 13 10 4 1 6 1 2 13 5 11 7 12 3 13 12 2 7 6 7 7 15 3 
12 8 11 3 3 3 13 0 15 12 6 10 12 1 0 10 12 15 12 7 6 15 7 6 6 4 2 4 3 10 0 7 
8 7 15 4 8 0 10 15 8 9 1 7 0 1 0 0 3 6 6 7 8 13 14 1 7 9 9 0 15 2 7 0 
1 5 5 4 1 9 2 2 15 1 15 11 7 2 10 5 14 2 14 7 7 0 13 0 9 14 3 5 7 8 1 10 
0 14 9 3 5 14 0 12 15 8 10 12 12 10 3 5 5 15 10 9 4 3 9 6 14 5 1 6 5 7 1 10 
1 5 13 1 2 10 12 9 3 10 2 11 3 5 12 10 12 4 8 13 15 12 8 4 11 0 7 11 2 9 5 7 
11 1 8 4 13 14 5 12 12 7 9 3 13 12 13 6 13 2 8 4 2 14 6 2 14 5 5 5 11 1 2 2 
6 4 11 15 2 13 3 9 10 9 0 0 10 13 11 10 12 3 6 10 1 3 8 13 11 8 2 13 11 0 15 2 
