9 8 0 8 14 11 6 10 11 1 13 13 12 14 7 1 0 1 2 3 6 8 14 13 13 12 11 2 4 7 10 8 
4 9 3 7 5 8 15 9 3 8 7 2 10 12 2 14 14 6 13 10 1 11 0 6 13 2 7 5 2 13 2 14 
13 13 14 10 6 6 1 0 0 5 14 3 14 11 9 14 12 5 0 3 2 2 8 3 5 12 9 11 0 1 3 3 
1 12 1 13 15 7 2 10 5 1 8 1 13 6 6 2 5 14 12 4 14 3 13 5 1 9 2 12 9 8 4 1 
2 10 5 8 9 15 9 13 13 9 11 12 4 8 7 14 8 2 10 10 3 1 8 13 15 12 5 9 8 6 14 4 
10 10 0 10 0 6 1 2 7 14 6 1 13 13 2 14 10 9 5 14 8 10 5 3 5 11 14 14 15 15 10 8 
7 8 3 2 2 8 13 2 2 5 14 12 2 4 11 14 11 3 9 0 1 6 14 15 10 11 9 12 12 9 8 3 
15 5 6 15 6 15 6 11 6 3 4 14 1 11 10 11 13 5 12 7 3 13 4 14 6 8 4 8 12 7 12 13 
6 6 11 10 14 6 14 0 1 7 11 13 15 3 8 4 0 14 10 13 2 1 14 3 4 2 5 6 5 14 4 12 
12 14 2 14 7 15 13 3 3 3 8 12 14 13 1 10 2 5 2 14 4 12 4 14 4 12 3 8 6 1 10 14 
4 11 2 3 12 0 0 1 14 14 2 2 11 5 4 2 12 5 10 3 6 13 0 6 15 13 15 15 3 11 6 3 
2 0 0 11 7 8 13 7 12 11 1 15 11 7 2 0 0 7 10 12 12 13 3 2 10 3 5 7 14 7 7 8 
12 7 10 5 14 14 0 15 5 14 2 10 5 7 2 1 15 3 11 14 0 1 0 10 15 11 1 9 15 14 10 6 
