15 14 4 12 0 8 8 15 12 15 1 0 3 12 8 4 11 11 15 4 13 2 12 1 12 6 7 1 12 5 12 14 
11 8 15 2 15 10 2 5 7 8 15 12 13 5 1 3 13 2 13 7 6 1 7 6 2 1 9 1 0 1 13 14 
3 9 10 4 8 7 8 14 13 11 9 15 12 8 5 15 8 14 11 7 9 0 5 13 14 4 7 3 4 7 9 7 
15 3 11 3 12 4 4 4 7 6 8 15 1 15 11 2 1 3 12 7 5 1 14 3 5 3 4 13 5 15 1 13 
6 8 2 15 0 11 12 13 13 11 3 5 2 12 10 4 14 7 0 4 9 2 7 13 3 0 1 3 3 1 12 15 
7 7 8 11 11 8 7 9 7 12 9 3 9 12 6 7 15 2 13 4 14 11 13 3 14 5 2 15 8 13 12 9 
1 1 0 11 13 4 2 15 9 12 4 10 15 11 5 0 11 10 13 11 6 13 5 6 11 13 12 6 13 5 4 12 
12 7 7 2 15 6 8 4 0 3 13 1 4 5 3 8 0 15 6 0 4 2 7 4 8 0 10 8 5 10 8 1 
1 7 11 10 13 3 10 10 9 12 8 10 2 7 4 14 14 0 8 4 12 14 11 15 0 0 0 12 3 1 7 6 
4 11 2 6 15 11 5 5 7 10 15 6 4 3 0 8 1 7 12 15 0 6 7 8 0 7 7 13 6 0 9 15 
0 7 12 12 10 2 14 2 10 11 3 12 13 11 10 13 7 0 14 6 0 3 10 4 13 12 11 0 1 15 5 7 
4 5 12 15 2 6 1 13 6 6 12 14 10 12 10 4 11 10 13 4 6 9 12 5 15 2 12 15 11 14 1 13 
6 11 12 6 15 3 3 12 12 3 3 11 13 11 4 15 14 6 14 0 3 14 9 12 3 7 8 5 5 7 3 11 
