2 8 13 11 0 6 1 15 9 7 7 2 1 3 3 1 12 9 2 12 4 1 14 9 8 5 12 3 3 9 5 2 
5 7 0 0 9 9 11 15 2 10 13 9 3 11 14 4 5 12 2 0 5 4 6 11 1 8 4 10 3 12 7 13 
2 11 8 2 4 2 9 6 4 13 2 0 14 9 9 7 3 4 9 11 4 6 3 15 12 9 0 6 6 7 10 8 
14 9 4 0 7 8 7 15 6 4 0 11 0 0 11 5 8 2 12 13 4 1 4 7 8 2 2 8 2 5 6 3 
6 3 1 12 11 9 8 2 3 15 0 1 15 10 2 4 6 2 9 4 11 10 4 14 9 15 9 13 11 15 4 13 
15 0 2 14 12 12 3 12 9 3 0 4 12 1 7 3 6 1 15 15 13 14 8 6 2 14 6 4 13 0 14 7 
11 2 7 11 0 6 12 12 11 13 15 5 1 8 12 3 8 7 3 8 7 12 1 12 2 2 1 12 7 15 6 6 
7 14 15 2 9 2 11 15 15 4 8 6 7 14 2 4 15 4 11 6 6 2 15 0 6 12 6 0 8 7 6 12 
2 10 3 7 8 3 3 6 2 6 13 0 4 7 11 13 3 8 12 15 0 14 4 8 12 6 11 10 6 8 3 8 
11 6 10 9 1 1 11 15 1 13 3 5 9 11 3 4 11 13 14 13 0 14 4 15 13 10 9 15 15 7 12 9 
4 0 14 3 12 13 13 13 2 0 8 6 0 6 13 1 3 8 11 1 8 10 6 12 11 6 13 10 9 11 7 8 
2 13 5 0 11 6 2 6 2 3 4 14 1 13 9 0 8 12 6 7 7 4 9 3 3 10 1 5 13 8 3 10 
0 3 10 3 8 8 6 15 5 2 9 2 3 3 15 3 10 5 0 14 5 12 4 7 1 1 12 2 9 10 14 1 
