12 7 12 7 14 10 7 4 12 12 14 10 8 11 5 2 0 5 4 12 2 6 6 5 15 0 10 14 14 3 15 12 
10 14 8 8 2 2 14 4 13 11 12 2 12 1 5 5 8 12 8 7 15 13 0 9 0 11 12 15 7 0 5 15 
5 15 12 6 9 2 9 15 11 15 6 5 5 5 6 2 13 4 10 14 12 2 7 2 3 11 11 1 3 11 12 15 
14 5 3 3 10 8 2 8 13 4 14 0 7 10 7 12 13 15 15 6 12 1 2 6 7 9 1 14 2 13 15 6 
1 2 3 2 2 2 7 9 6 1 11 1 12 9 6 8 8 5 14 4 4 14 14 7 12 13 5 9 0 0 2 2 
14 13 7 5 15 13 1 12 7 14 0 15 12 10 13 9 9 5 6 12 15 4 8 10 4 2 2 5 13 8 6 8 
3 3 13 3 0 14 15 12 1 9 0 1 3 9 10 9 3 2 6 13 12 3 5 2 1 5 7 7 9 12 4 11 
10 2 8 9 1 12 3 7 7 14 13 3 1 10 12 13 1 13 13 0 13 8 4 0 5 7 10 8 14 6 12 3 
7 13 0 15 6 1 4 10 13 14 3 4 13 11 12 2 11 3 15 9 7 2 8 2 13 8 10 14 2 1 8 5 
12 6 12 6 13 2 2 4 10 8 7 10 0 6 12 0 8 11 6 7 14 0 13 8 14 9 0 14 13 15 7 10 
9 12 11 13 12 4 8 7 9 9 14 0 9 2 14 4 8 0 13 15 10 1 4 3 4 0 12 2 5 11 1 0 
9 11 10 8 12 2 0 13 11 12 7 6 10 5 14 8 11 7 0 11 3 0 2 0 2 3 9 13 2 14 11 8 
3 7 5 3 9 9 1 8 6 8 5 3 14 14 4 2 12 10 13 4 13 4 8 8 14 0 9 5 2 8 14 15 
