4 8 1 12 5 12 1 2 8 13 8 5 1 0 15 15 10 8 8 5 11 15 4 9 6 7 3 0 14 14 5 0 
12 9 5 9 12 2 9 4 12 9 11 2 14 6 6 15 9 5 14 3 15 1 14 8 10 0 0 1 8 8 11 5 
4 15 12 1 12 13 12 0 6 13 0 8 7 10 13 12 1 5 11 8 1 6 8 3 8 3 1 13 8 3 6 9 
7 5 7 3 2 15 4 8 15 14 5 1 14 2 6 11 8 13 13 1 0 11 9 6 2 6 15 2 3 2 12 7 
1 13 6 7 5 15 6 6 5 6 7 11 4 10 12 7 11 3 6 10 2 0 9 5 15 6 3 5 13 4 3 13 
2 9 15 15 14 9 8 9 5 7 5 2 14 7 12 3 9 2 7 0 7 11 9 15 1 2 9 6 1 7 11 2 
2 1 0 3 1 0 15 1 11 15 13 15 2 0 5 1 3 11 5 3 11 11 8 13 4 4 12 5 13 15 2 10 
0 14 8 1 14 9 10 3 3 2 15 12 3 14 6 5 10 4 4 5 10 5 0 7 5 15 3 5 14 5 15 5 
7 1 13 13 9 2 0 1 14 14 13 1 10 3 0 3 4 8 15 13 0 7 5 15 9 2 13 9 6 2 4 1 
13 10 15 10 12 13 9 10 8 13 2 5 14 1 5 3 11 0 0 8 0 6 1 13 4 4 10 13 1 1 3 11 
6 11 11 14 11 15 0 12 8 2 9 9 2 2 13 15 4 13 8 6 5 8 15 15 12 7 13 15 13 12 4 7 
11 12 9 10 9 4 5 1 7 6 1 0 11 2 13 6 7 12 2 12 15 11 7 3 14 5 13 1 7 9 1 7 
5 9 13 10 13 11 7 6 13 5 12 6 4 13 11 8 5 4 5 13 4 10 3 15 8 1 12 10 8 2 8 2 
