10 11 6 12 2 9 12 14 11 14 13 9 6 7 0 8 13 15 3 11 1 8 6 11 14 10 14 6 11 14 0 2 
13 2 11 7 14 2 8 2 6 8 10 10 1 10 10 13 11 15 8 3 3 6 0 10 5 14 10 5 0 13 0 8 
4 4 3 8 6 12 8 7 9 6 8 11 3 9 2 14 2 1 6 2 11 13 10 10 13 11 9 13 3 7 9 6 
3 3 7 4 4 2 7 15 14 4 11 15 14 0 6 6 0 7 7 7 10 14 3 15 11 3 4 6 6 9 1 14 
8 6 13 15 5 8 11 2 10 13 4 3 2 14 9 1 13 5 7 1 10 5 1 7 10 13 15 5 1 7 4 1 
0 10 11 13 15 1 15 8 5 9 12 6 13 3 3 2 13 6 3 14 11 15 9 11 13 15 2 2 7 5 7 10 
10 0 6 12 10 2 3 9 7 15 13 1 11 13 4 4 12 0 11 0 4 14 15 9 2 7 5 13 9 8 9 13 
7 12 7 4 11 12 4 3 7 11 3 8 0 3 3 15 4 11 3 14 0 2 14 3 3 4 11 1 2 0 3 0 
14 3 5 13 14 1 2 15 9 3 3 12 1 0 14 11 5 2 13 5 14 2 12 9 6 2 11 3 12 6 8 14 
1 12 9 7 8 11 12 15 4 10 15 5 10 2 8 14 1 15 14 15 9 9 9 2 11 11 5 13 11 1 5 1 
5 0 2 0 1 6 15 15 9 15 7 9 1 0 12 6 15 15 10 12 0 12 3 15 7 9 9 2 7 0 2 1 
2 10 10 5 8 4 10 10 8 6 1 15 9 9 15 12 11 0 4 3 4 12 15 8 11 13 11 6 8 6 9 11 
3 8 4 5 6 11 9 0 2 12 2 14 3 8 14 8 0 4 15 15 6 5 7 3 11 8 2 4 6 5 14 3 
