14 12 6 2 2 15 8 5 13 2 6 14 15 10 9 9 14 1 12 9 8 5 8 14 3 5 13 6 15 15 1 3 
2 12 11 13 0 12 0 7 12 3 5 13 13 10 14 8 9 10 1 5 15 3 0 13 11 9 0 7 14 14 6 8 
9 14 11 1 2 8 11 4 15 3 15 5 4 0 4 2 0 1 9 9 10 8 8 9 1 6 9 11 5 4 7 7 
9 9 7 8 1 2 15 1 6 11 8 10 1 7 5 1 11 13 5 13 9 4 15 7 1 8 0 2 2 6 9 3 
14 11 6 1 15 3 8 0 13 2 5 10 6 15 15 15 3 9 0 1 13 10 2 3 14 6 13 14 0 7 8 9 
12 15 5 4 8 0 4 13 9 7 12 3 0 15 3 10 8 11 6 3 7 4 12 11 3 15 3 6 14 3 15 12 
10 2 7 5 2 3 7 4 10 4 5 7 7 0 7 11 0 13 1 0 4 13 3 4 13 2 15 5 1 10 11 10 
1 15 13 9 1 15 10 11 11 13 15 1 4 6 2 2 3 3 2 10 2 3 6 8 8 6 11 14 0 2 7 15 
14 1 3 8 5 3 0 10 12 10 0 2 3 0 2 1 0 8 1 14 4 7 2 5 8 13 11 2 13 9 12 15 
4 7 1 2 1 8 1 0 6 11 10 15 6 9 4 14 15 2 8 6 15 10 9 2 8 10 6 5 2 1 1 0 
15 3 5 8 0 13 8 3 14 4 6 14 2 8 5 7 10 6 11 1 8 10 5 12 5 4 6 9 8 15 2 0 
1 2 9 12 1 15 7 3 10 0 6 5 14 9 7 1 7 1 11 8 0 3 12 0 2 7 1 4 1 5 4 2 
1 5 3 8 8 6 12 7 15 11 15 2 5 1 5 4 11 7 9 15 10 0 11 6 10 9 6 11 3 5 5 4 
