5 11 4 10 4 2 11 9 13 5 6 14 0 8 9 3 0 1 7 11 14 9 9 11 12 3 7 14 3 12 6 7 
10 8 11 5 8 13 12 12 7 3 1 9 13 15 15 9 13 0 1 13 1 6 2 13 1 13 5 10 9 7 3 4 
7 3 6 15 13 10 11 11 2 2 0 9 2 12 10 15 8 6 1 6 13 10 5 2 10 4 13 15 14 0 0 10 
8 12 2 6 9 8 6 14 0 0 5 10 5 11 8 11 10 3 2 2 13 4 5 12 6 5 13 6 8 6 9 2 
2 13 13 15 10 14 7 15 12 8 2 14 12 0 4 4 0 5 2 10 7 11 15 10 9 6 13 14 12 7 12 5 
2 10 11 15 3 2 1 13 6 11 13 1 3 15 7 6 13 8 8 9 5 8 2 5 0 1 11 3 5 14 3 9 
9 5 5 12 3 12 7 13 13 11 15 7 15 14 0 15 13 9 8 4 5 11 4 9 4 12 14 5 9 2 10 11 
1 8 7 3 7 3 8 8 4 3 10 3 6 12 9 3 8 9 8 6 6 8 10 8 12 7 9 0 12 13 6 9 
8 10 1 0 11 14 1 12 13 2 2 12 12 0 5 3 15 1 0 10 11 11 0 6 3 4 9 15 4 9 13 10 
3 8 1 3 12 9 12 6 13 8 15 13 10 2 13 11 10 13 12 9 12 11 0 8 3 14 7 4 8 13 1 13 
2 14 1 1 13 14 6 6 10 0 15 0 7 10 15 15 13 15 12 1 2 15 11 0 2 13 0 2 15 9 1 13 
7 8 1 1 10 12 0 1 5 6 7 10 8 12 9 7 14 4 10 4 15 4 11 0 0 15 0 10 1 11 15 6 
10 14 9 4 7 6 4 4 6 4 1 11 4 9 4 9 2 4 4 4 13 0 7 2 0 8 0 13 15 5 15 1 
