3 9 4 4 5 5 12 7 12 14 5 10 0 2 11 2 5 11 3 15 2 1 5 10 1 4 9 14 14 9 0 6 
12 0 1 13 0 13 0 12 6 1 10 11 15 9 9 4 4 1 6 13 13 1 1 4 9 11 1 1 13 7 3 1 
10 7 0 3 14 6 10 0 0 4 11 6 13 9 0 3 11 13 15 2 0 15 8 14 0 0 12 2 3 1 0 11 
8 11 3 0 15 6 2 11 3 14 6 13 8 0 13 8 14 15 13 12 3 8 15 3 11 9 7 7 14 4 5 11 
1 15 13 4 1 5 12 9 11 1 1 9 14 6 1 7 8 10 7 8 7 14 15 2 11 9 15 2 10 6 12 7 
15 5 9 12 5 15 3 13 2 0 13 7 13 15 4 15 8 1 13 1 15 6 9 5 15 3 10 2 15 8 6 0 
6 10 3 5 2 12 9 12 9 11 9 6 13 11 14 2 7 10 14 13 12 9 4 2 5 10 9 5 8 0 4 6 
7 4 8 11 10 5 13 5 12 9 4 7 4 3 11 3 14 5 10 10 14 9 4 12 9 4 9 14 3 4 14 7 
14 2 3 6 12 8 12 9 0 6 13 15 11 4 12 8 4 14 7 1 9 5 5 4 8 4 14 6 3 11 6 13 
2 1 12 11 8 2 4 2 2 15 4 12 0 13 4 4 12 13 2 5 1 9 0 12 4 0 4 15 5 12 14 10 
15 4 15 2 11 12 5 12 3 15 12 14 14 11 2 7 0 2 12 11 1 9 3 6 5 7 9 14 9 13 4 6 
1 5 15 11 11 12 4 14 3 7 8 12 14 11 7 14 12 13 9 4 6 6 12 3 8 11 0 10 10 4 7 14 
8 8 9 11 4 2 4 4 12 2 11 15 6 12 14 4 1 10 0 12 0 11 1 7 9 11 7 2 4 5 9 3 
