11 0 15 8 3 11 13 9 12 12 10 9 15 4 3 2 9 5 4 5 11 5 1 3 13 3 6 4 4 15 12 14 
1 13 9 1 9 5 0 5 13 7 5 7 2 5 10 4 2 7 1 3 8 7 10 12 15 1 6 2 7 9 12 8 
10 12 8 2 15 5 3 4 11 0 1 3 15 6 1 12 1 4 3 5 15 8 12 7 7 13 3 3 13 8 5 13 
7 8 8 15 15 12 10 12 14 0 6 9 3 6 9 14 8 15 5 8 2 6 7 15 2 0 0 9 11 7 10 8 
10 6 9 4 1 6 8 15 9 0 8 4 0 15 5 6 11 10 15 15 9 2 14 1 11 11 10 1 1 4 8 9 
0 10 4 9 2 0 1 0 15 12 3 4 7 14 6 9 5 8 5 2 3 15 1 14 9 13 5 3 14 9 15 5 
10 14 14 15 6 6 15 10 15 2 4 0 7 1 1 1 4 12 0 8 3 10 0 7 8 4 0 1 15 2 14 12 
15 6 13 10 7 2 0 4 8 2 14 15 6 0 15 14 7 2 13 5 14 5 6 4 7 2 2 14 14 0 12 11 
2 12 13 7 11 1 2 9 10 6 0 5 0 6 13 6 10 9 2 8 1 6 6 3 0 3 0 2 1 4 3 14 
9 15 11 10 14 6 7 5 4 15 3 4 9 15 12 6 9 15 11 5 8 0 1 0 0 2 14 10 0 7 2 8 
1 11 0 13 3 2 0 2 15 13 5 7 10 3 15 12 3 13 15 10 12 15 9 5 10 3 8 15 6 3 3 4 
7 7 11 0 9 0 7 14 1 7 15 12 2 7 4 13 3 11 10 5 3 1 15 15 3 3 6 2 9 7 11 2 
5 12 9 14 9 9 8 12 13 11 11 12 1 8 3 10 8 0 11 6 2 4 13 11 5 13 5 4 13 5 8 1 
