2 6 2 1 4 3 2 5 6 12 3 6 6 2 13 12 1 4 10 12 5 14 13 11 3 14 4 0 15 9 2 2 
2 4 7 2 11 13 3 15 6 3 4 2 2 2 0 13 14 0 2 11 7 14 9 4 0 6 9 5 7 9 5 12 
0 10 1 12 4 4 13 7 14 14 10 13 12 10 11 14 13 5 10 15 10 5 15 8 3 13 12 3 8 14 8 10 
8 2 13 0 10 14 15 1 10 7 0 15 1 14 11 6 7 11 7 2 5 13 14 6 1 15 2 11 6 8 4 7 
1 8 14 8 12 5 13 5 12 2 9 8 4 12 9 9 3 15 11 2 2 1 6 14 9 13 7 15 3 15 4 1 
3 1 10 4 1 1 14 8 13 5 10 6 13 9 13 15 4 3 15 3 12 3 2 0 15 13 7 5 12 10 8 5 
9 7 4 11 7 1 12 5 0 11 5 7 0 9 3 7 3 10 8 8 1 13 0 10 11 8 10 12 5 11 10 4 
6 5 14 13 12 15 10 3 5 11 12 5 13 6 6 8 15 1 15 4 6 11 2 13 13 11 10 12 12 2 10 8 
8 1 15 3 1 9 5 15 8 13 2 1 6 15 8 11 3 13 5 4 13 11 1 9 1 2 0 2 11 11 14 5 
13 1 12 13 4 11 8 0 10 1 11 14 10 12 13 5 3 7 15 3 9 7 1 7 7 11 2 3 1 7 8 12 
15 9 9 3 0 0 14 13 4 10 6 11 3 10 1 7 6 0 5 0 9 14 12 11 9 9 11 13 8 2 6 1 
12 4 5 0 4 4 11 14 5 8 15 15 9 14 2 3 9 14 4 14 12 13 4 1 5 15 10 12 6 12 7 1 
8 4 6 8 4 6 14 15 13 11 6 7 6 5 13 10 3 4 9 6 4 5 1 13 13 3 3 4 13 11 9 11 
