3 15 0 11 1 14 15 3 4 15 4 0 10 5 3 2 6 13 11 3 13 2 5 2 11 10 6 12 12 15 11 15 
5 6 8 15 0 0 0 13 5 14 12 8 1 1 11 0 5 1 0 7 14 4 12 11 0 10 3 2 3 11 4 10 
14 1 6 12 4 6 6 1 0 5 8 6 14 3 6 11 15 14 11 10 1 13 11 8 4 12 4 13 1 8 13 6 
14 1 8 9 1 0 8 3 8 10 3 5 6 7 13 10 6 7 8 7 8 11 0 12 0 10 8 5 6 3 10 4 
8 11 3 15 6 2 10 10 3 7 11 14 9 11 5 9 7 9 1 9 1 8 9 14 0 7 9 15 0 13 13 7 
10 14 7 15 0 7 0 1 1 12 4 6 12 13 3 1 8 14 14 13 13 2 10 15 7 11 9 3 3 10 8 5 
1 4 0 13 8 10 12 6 5 14 6 8 1 11 5 13 13 6 1 12 11 6 4 14 2 4 9 11 11 5 14 5 
11 4 1 7 7 9 8 4 14 0 15 1 12 6 8 8 14 15 4 0 7 9 9 4 11 12 11 10 15 5 6 5 
4 1 9 6 8 13 12 11 2 2 6 12 5 0 4 3 2 4 11 5 6 7 12 4 7 9 0 12 14 7 4 13 
10 10 2 2 6 8 13 7 8 9 7 8 4 4 5 14 4 14 7 13 6 14 4 3 6 6 6 12 10 12 15 2 
6 5 10 0 4 9 2 6 10 14 9 4 9 1 3 0 12 9 15 15 11 5 14 3 7 5 4 1 1 13 12 7 
12 13 10 0 10 13 10 3 8 4 12 10 3 0 10 10 8 0 15 9 12 15 15 11 14 7 5 4 8 1 7 15 
5 8 2 4 11 11 11 6 11 1 8 5 11 0 5 3 9 13 9 4 6 3 14 6 10 14 15 8 4 7 7 15 
