0 14 8 9 12 6 5 15 11 6 10 14 0 15 13 14 14 10 13 2 0 3 3 4 1 6 9 15 5 1 12 11 
6 14 15 3 6 1 0 5 7 3 6 9 1 2 4 10 8 11 4 13 14 12 10 1 8 4 3 1 2 11 8 3 
14 6 4 10 7 4 8 15 7 8 15 5 7 5 6 6 7 15 5 5 3 1 9 14 11 5 13 11 7 13 12 6 
13 13 13 6 5 15 8 4 1 6 5 0 13 15 9 7 4 13 13 9 8 6 6 15 0 11 2 12 0 2 12 3 
6 14 7 1 13 9 6 9 4 10 2 6 1 14 14 3 13 7 7 5 8 2 15 1 9 15 2 15 12 12 12 6 
1 9 13 11 8 3 1 0 11 5 13 6 7 15 8 0 2 2 11 6 6 15 15 5 1 9 10 3 3 0 0 10 
5 14 14 7 10 6 0 2 2 2 2 2 4 5 2 1 15 7 10 4 5 8 1 15 3 15 15 6 7 12 8 2 
10 5 15 11 3 13 9 6 3 12 9 7 7 6 5 12 3 4 8 5 2 8 5 4 9 7 15 12 7 0 14 5 
13 2 11 11 2 8 5 5 2 0 5 15 14 8 6 4 11 13 6 6 1 10 11 12 0 0 15 15 4 3 1 0 
0 7 8 5 15 6 8 10 5 15 6 1 3 13 15 2 14 4 6 15 3 5 5 1 5 3 14 1 7 4 3 9 
0 10 9 12 3 4 9 8 3 11 13 6 13 3 9 6 4 5 5 12 11 15 5 3 12 12 8 6 14 2 10 13 
10 7 14 14 14 6 8 15 9 3 13 12 12 2 4 15 2 6 1 10 2 8 5 0 15 14 3 9 10 0 11 14 
2 13 14 15 5 3 10 4 11 13 3 11 4 2 1 13 8 5 5 6 13 3 7 7 15 15 10 6 4 0 10 1 
