11 6 8 15 12 6 15 6 8 8 10 0 8 7 12 2 8 4 1 1 12 10 10 0 15 14 11 3 1 3 7 5 
14 0 9 1 2 5 3 8 4 6 1 2 1 11 8 1 1 13 14 9 7 13 10 12 7 11 9 13 15 8 9 4 
14 8 13 3 4 10 14 2 3 4 3 12 6 8 3 12 4 4 1 10 15 15 11 7 7 0 3 5 0 7 11 10 
13 2 6 10 15 0 2 10 14 10 12 3 0 0 5 12 9 6 4 12 0 7 10 1 2 5 5 8 7 6 1 3 
8 14 0 0 1 8 8 15 12 14 4 9 4 14 3 1 0 5 14 4 6 5 3 7 8 11 10 3 6 10 2 8 
15 6 11 14 1 9 8 8 1 9 4 12 0 5 4 4 7 2 10 11 2 5 14 14 8 3 12 0 0 1 5 2 
14 1 10 8 11 1 6 4 12 14 12 2 9 15 8 0 15 13 14 15 3 2 11 15 7 12 4 11 8 10 0 8 
8 10 13 10 12 13 14 13 3 1 11 9 12 11 13 2 7 12 4 7 10 7 2 11 3 2 4 12 7 0 14 13 
4 12 5 14 4 15 13 3 14 6 10 0 14 9 1 2 13 2 12 12 11 1 7 6 4 7 13 12 7 8 10 12 
3 7 14 12 1 5 12 5 15 14 4 12 11 7 4 0 1 8 13 3 8 14 8 11 4 7 8 1 13 3 14 12 
2 7 1 4 2 14 9 11 9 7 12 6 1 7 0 14 3 6 2 13 4 3 6 8 2 14 1 13 15 15 15 10 
4 10 13 8 2 11 8 9 4 6 2 6 1 7 15 3 7 5 6 0 7 4 1 14 12 9 8 1 11 2 10 1 
3 6 13 3 6 10 5 1 12 6 3 10 12 14 7 5 13 15 6 10 4 8 15 12 12 14 3 13 3 8 10 9 
