4 6 8 11 2 15 10 9 9 7 8 12 9 8 1 14 13 1 6 12 0 10 11 10 3 15 11 15 9 6 15 7 
0 2 3 12 8 13 4 2 8 3 13 15 8 4 11 6 7 10 0 15 0 1 0 12 13 14 7 0 9 7 14 0 
8 7 4 5 10 2 12 10 5 4 13 3 8 1 9 7 12 7 0 0 14 9 5 3 15 6 15 5 14 11 8 1 
9 10 13 15 13 5 6 10 12 7 14 9 8 2 3 8 11 12 15 6 1 12 10 11 12 13 10 13 15 12 10 8 
13 13 14 6 11 5 9 7 15 0 8 5 7 10 11 0 14 10 13 11 6 9 2 8 11 3 0 10 12 0 11 15 
9 4 12 9 4 15 9 6 8 10 2 2 14 12 3 8 4 2 0 10 2 6 14 3 9 4 7 10 13 0 14 7 
7 14 10 0 2 15 5 9 7 11 10 15 1 12 14 7 3 8 14 13 0 5 0 1 2 1 15 7 13 3 3 3 
1 11 14 4 1 13 13 5 10 7 15 2 14 12 3 13 0 2 9 5 5 2 8 10 2 4 12 14 0 12 15 7 
4 8 1 1 15 0 6 12 10 6 1 0 6 12 3 8 11 2 0 9 15 4 7 11 5 13 5 11 8 2 9 12 
1 7 9 10 7 8 13 0 13 8 1 8 6 1 13 1 0 0 2 13 2 5 10 10 8 4 12 11 0 2 2 13 
2 9 5 7 14 4 4 15 3 15 6 5 3 9 15 3 9 0 8 7 4 1 7 11 14 12 7 8 15 14 9 9 
2 8 3 13 12 7 2 13 10 9 3 0 1 13 6 14 5 10 5 5 3 13 1 13 15 9 4 6 14 11 10 4 
9 6 10 6 5 2 3 3 10 4 0 11 3 14 6 2 7 15 9 3 0 11 5 10 0 6 8 7 13 15 9 12 
