6 1 13 8 12 15 0 15 9 8 1 11 14 4 6 3 15 13 7 13 11 2 8 2 6 15 4 7 0 1 2 11 
11 13 4 9 4 5 3 11 4 15 8 6 7 11 12 15 5 13 11 7 4 1 10 7 1 6 13 11 13 11 4 13 
13 2 2 11 1 1 6 7 8 4 8 0 10 7 2 2 14 2 4 1 15 4 14 15 11 6 10 6 1 7 8 13 
3 3 0 1 4 1 9 8 0 5 10 3 8 14 2 10 4 7 8 15 0 11 12 10 9 9 5 5 4 15 1 14 
14 1 8 1 5 8 12 4 7 15 12 7 1 8 1 6 14 13 1 6 12 10 11 13 3 9 15 9 10 6 14 12 
5 3 5 4 4 6 12 2 0 9 11 8 5 12 15 7 0 1 10 3 1 15 0 3 4 12 9 10 14 2 3 15 
11 0 1 9 0 14 15 8 9 3 4 4 2 4 15 5 14 4 13 14 10 2 8 14 2 1 1 12 10 11 15 4 
1 0 4 15 9 15 10 2 7 3 15 8 6 7 12 14 0 14 14 6 5 5 0 7 13 14 14 15 11 0 10 8 
12 0 9 8 4 11 3 8 12 3 2 14 8 6 0 1 2 4 3 10 4 9 13 10 14 12 10 10 13 9 6 4 
7 1 14 6 2 13 3 10 7 4 4 11 0 0 1 5 2 8 8 7 13 8 15 4 13 12 7 2 1 4 6 3 
4 0 5 12 9 15 0 8 11 15 9 11 3 10 0 13 11 13 0 8 2 1 6 5 9 14 15 0 14 3 0 4 
11 7 5 1 6 6 3 6 15 7 3 10 1 11 7 6 6 11 11 6 2 10 5 1 4 9 7 8 5 7 10 7 
10 5 5 4 10 6 1 2 13 6 12 14 13 10 12 11 5 15 1 12 3 11 15 6 8 7 6 1 7 3 7 6 
