3 10 6 6 15 14 6 11 11 5 12 10 5 13 10 9 15 1 15 0 7 7 13 5 1 11 0 7 4 15 4 7 
12 15 12 11 6 6 0 14 8 10 6 14 14 0 12 7 10 0 13 11 14 1 15 3 3 9 7 14 5 8 0 1 
6 5 1 2 10 12 6 3 5 10 15 12 3 13 10 4 6 15 3 13 7 10 4 11 1 3 11 5 3 14 15 14 
15 8 10 3 5 9 2 5 0 7 6 0 3 14 5 7 12 1 15 3 15 1 1 2 3 9 9 3 0 15 4 8 
15 9 14 13 9 7 9 4 8 7 12 7 8 10 1 12 8 5 1 2 13 14 9 2 11 9 5 1 15 2 10 14 
0 0 13 14 2 3 13 12 4 0 0 4 11 9 1 0 5 14 2 0 15 3 7 2 0 3 2 0 2 1 12 13 
12 3 13 15 11 2 1 4 1 7 6 12 15 7 1 12 1 3 12 11 14 13 10 6 7 9 15 9 1 9 9 8 
4 14 10 13 3 6 5 3 8 11 3 6 13 4 8 3 6 8 14 13 0 3 6 4 11 3 8 9 2 12 4 9 
15 12 1 0 2 8 9 6 3 15 0 0 15 0 10 2 14 5 3 6 14 10 2 10 13 3 11 4 2 7 4 10 
5 3 9 1 12 8 0 10 13 9 11 11 13 0 7 2 2 12 3 5 15 3 15 4 13 8 2 0 13 12 9 11 
11 0 1 13 2 1 0 0 12 0 15 10 0 0 10 1 4 13 1 1 2 10 4 3 9 3 0 1 4 10 12 2 
6 5 4 6 1 13 11 10 1 11 1 2 0 11 11 5 1 5 7 14 6 15 12 2 10 9 7 3 8 0 10 2 
11 8 5 15 8 9 4 4 9 10 11 10 5 0 8 6 9 7 2 12 7 1 11 1 13 2 10 13 11 9 14 6 
