6 15 13 2 10 4 11 15 5 11 1 6 13 14 8 0 7 6 10 14 3 6 10 2 3 8 8 10 12 2 6 8 
1 8 13 6 2 12 9 15 14 4 11 13 7 0 9 11 9 9 3 1 9 0 2 8 11 9 2 1 0 2 8 14 
4 11 15 11 1 5 5 6 12 2 4 1 2 5 4 3 2 7 14 3 11 2 15 1 0 2 13 2 7 4 10 9 
3 5 0 6 11 9 9 5 8 9 5 12 4 4 5 4 1 10 14 5 11 3 14 0 4 14 9 14 13 12 7 12 
0 1 2 14 14 9 14 1 8 6 9 5 8 3 15 15 5 13 2 10 7 15 2 13 5 14 0 5 11 14 5 1 
6 10 1 13 1 12 10 1 4 13 1 15 8 12 11 11 1 6 1 9 14 3 1 9 14 7 14 8 0 11 1 5 
7 15 6 1 15 13 1 5 6 13 2 10 14 8 5 5 14 2 4 10 15 6 8 2 6 2 2 3 9 9 7 2 
5 3 2 14 4 15 11 6 12 8 4 12 14 10 3 1 3 12 11 13 13 13 2 13 12 10 13 10 9 15 12 5 
7 13 1 15 8 4 4 4 14 4 9 9 10 5 2 6 4 8 7 10 3 6 7 15 0 9 1 15 5 1 3 1 
5 1 13 8 5 10 1 5 8 1 1 7 15 9 0 1 0 5 1 9 14 9 11 9 5 7 3 2 2 4 0 14 
1 8 15 0 11 9 0 9 2 2 7 11 9 10 15 8 10 14 15 6 6 13 0 11 12 9 15 9 13 10 9 14 
13 7 9 15 4 7 4 7 10 14 6 13 2 14 11 4 4 7 5 15 7 2 15 7 14 9 4 1 9 6 14 1 
11 10 8 0 2 5 9 4 1 5 10 10 15 6 4 7 5 10 13 0 13 1 8 9 5 8 13 3 1 12 5 4 
