0 2 4 9 12 7 15 4 13 1 11 1 1 5 14 11 7 9 13 0 0 3 2 10 1 6 3 7 2 13 7 3 
10 9 15 0 15 0 1 1 0 8 0 9 1 0 1 3 15 6 8 8 6 4 4 11 10 15 0 3 3 8 6 5 
14 13 0 4 0 9 5 1 9 5 10 14 4 15 11 12 9 8 12 15 12 6 7 9 3 6 5 13 1 4 12 7 
12 14 4 10 15 10 6 0 2 7 10 2 8 2 12 1 9 1 13 8 1 15 8 10 11 2 7 13 4 12 7 6 
5 15 4 9 0 6 13 9 6 2 15 11 5 12 11 4 5 15 5 11 6 13 15 15 9 10 1 8 14 5 11 6 
13 11 10 1 14 2 1 13 3 14 13 2 2 9 13 14 14 12 6 10 12 0 1 9 13 9 6 2 1 7 8 7 
7 1 15 12 4 10 14 12 0 12 14 14 8 2 0 4 14 10 13 2 14 3 4 14 11 4 2 3 13 1 5 13 
6 15 1 13 4 5 8 11 8 14 13 2 3 10 0 8 14 15 6 1 1 9 4 10 1 9 9 3 12 13 12 11 
11 7 14 10 15 1 15 7 13 6 14 15 7 7 14 6 10 3 3 3 9 14 12 4 1 10 0 6 9 0 4 2 
7 13 12 14 2 12 6 4 14 4 7 7 7 0 13 2 15 3 15 3 13 15 10 15 3 12 14 13 2 1 0 2 
8 10 9 0 8 11 15 8 14 15 0 8 11 4 6 0 10 8 15 3 12 8 15 10 10 5 15 2 11 3 5 8 
9 4 1 5 9 2 14 0 13 0 10 4 12 6 10 8 9 8 5 15 10 8 0 11 14 11 13 4 2 12 11 9 
13 15 1 7 0 15 13 1 3 10 11 4 13 2 3 12 15 13 4 13 9 0 10 15 13 0 1 8 14 9 13 11 
