10 0 15 6 0 15 12 6 11 13 5 12 1 11 1 15 1 3 5 6 12 0 6 4 12 7 7 1 13 7 5 13 
2 8 6 10 14 7 3 3 1 0 9 6 12 10 0 15 2 13 4 2 9 4 0 4 1 14 7 15 3 9 4 12 
10 11 1 12 4 1 12 11 8 10 14 9 15 6 6 4 13 3 4 9 6 4 14 13 7 3 15 10 9 3 0 3 
10 7 13 14 0 7 12 4 12 9 1 9 7 9 12 5 8 0 10 7 13 8 13 15 15 10 0 8 13 4 5 8 
14 12 14 5 6 4 15 7 0 6 6 14 8 0 14 8 14 15 1 5 2 15 6 2 8 6 6 2 14 6 10 11 
10 12 5 14 0 14 12 10 5 11 5 4 11 3 4 11 12 9 7 1 7 2 4 11 2 0 2 9 15 15 3 3 
7 8 11 1 0 5 2 0 12 6 15 12 7 6 12 7 13 13 15 13 12 4 5 11 7 5 14 11 7 10 9 1 
5 8 8 8 15 2 12 13 15 6 9 10 4 11 10 8 10 8 1 3 0 11 3 1 10 10 12 4 1 4 7 4 
5 10 15 0 10 13 2 3 3 4 4 3 2 4 8 10 8 9 7 6 1 11 12 10 11 7 1 14 14 9 2 12 
10 7 14 11 7 8 6 10 13 10 4 1 4 0 12 2 8 0 7 14 10 10 6 4 10 9 0 9 11 0 15 14 
2 5 7 5 1 3 2 14 3 3 5 8 14 7 10 9 4 1 10 8 9 11 12 7 10 13 7 2 14 3 4 10 
15 0 4 12 7 0 5 3 5 6 7 9 7 11 0 9 9 10 8 13 3 3 2 6 1 13 9 2 15 8 9 6 
7 0 14 0 1 8 13 0 3 9 15 7 8 12 0 9 9 6 8 15 0 13 11 13 0 11 13 10 15 6 7 7 
