1 14 5 7 13 0 14 7 3 14 0 13 5 6 11 9 13 2 7 9 15 11 8 5 11 12 7 12 15 15 15 8 
6 8 15 10 12 8 9 9 14 7 11 13 9 1 15 13 6 10 0 9 14 11 9 9 15 11 4 10 4 1 4 0 
0 13 10 10 6 3 14 11 12 3 11 3 8 1 2 7 8 13 8 4 7 1 14 8 8 12 5 7 6 4 15 3 
11 13 14 12 6 7 12 6 15 12 8 1 6 15 15 12 4 8 8 12 10 0 6 10 4 7 15 7 12 3 13 8 
11 6 1 9 2 11 5 9 8 4 10 9 15 7 11 8 9 8 7 7 13 10 9 12 9 12 14 13 3 5 0 9 
9 5 6 11 7 13 2 12 3 13 1 12 1 10 1 9 5 9 3 0 7 6 13 3 6 12 10 1 4 12 7 2 
14 8 9 5 14 4 4 1 13 11 15 1 5 12 0 1 8 0 2 8 11 11 8 11 4 3 9 13 10 11 7 3 
12 5 10 15 7 2 14 11 15 5 8 10 14 12 0 15 2 5 13 9 13 5 15 12 6 7 0 2 2 1 2 15 
14 6 10 8 9 13 13 6 4 9 6 14 9 9 15 11 10 1 4 8 4 14 13 1 4 4 0 5 12 13 8 4 
14 0 6 0 15 11 13 6 10 14 11 1 14 8 4 11 11 12 13 6 13 12 1 2 6 2 10 14 14 7 13 0 
11 3 9 12 11 12 11 1 9 2 13 8 13 3 0 5 4 9 14 11 3 0 9 10 3 3 3 9 7 15 7 14 
1 2 10 7 10 12 9 9 13 8 3 6 1 10 6 3 3 13 13 0 12 11 6 1 3 1 12 0 2 7 4 2 
1 3 0 1 13 11 6 8 15 15 1 2 4 8 10 12 14 3 9 5 11 10 6 2 14 11 11 13 9 9 11 1 
