9 7 0 2 5 5 11 8 10 15 2 6 9 2 3 11 3 3 12 11 15 3 2 9 8 4 14 0 9 4 1 0 
13 5 4 15 11 0 15 11 15 2 15 10 3 7 11 6 8 14 10 6 7 8 6 4 13 4 5 13 5 1 2 15 
2 3 1 2 7 6 6 8 5 8 4 13 11 9 8 15 6 4 13 6 3 9 15 9 15 14 12 15 2 5 15 5 
1 9 7 15 2 10 5 3 10 2 0 14 5 15 0 0 12 13 11 7 15 6 5 6 5 7 3 2 11 15 10 8 
11 9 7 9 14 1 5 5 13 3 7 9 13 0 7 12 11 11 0 5 12 13 13 14 12 9 14 2 2 0 12 9 
3 11 5 13 6 13 6 11 6 6 8 3 6 2 1 4 12 13 10 5 6 6 9 13 7 14 15 6 15 8 7 2 
15 1 8 9 11 5 7 15 3 15 0 3 14 11 0 1 3 3 4 11 7 12 14 13 4 12 5 8 3 5 2 8 
2 12 1 6 13 8 11 13 3 7 0 5 15 8 11 6 11 6 8 3 10 5 1 5 10 11 0 7 4 2 9 3 
4 11 5 6 14 15 0 10 1 11 13 15 5 7 3 12 15 15 11 5 12 3 5 14 8 1 1 15 6 12 3 2 
9 4 3 4 11 4 0 15 11 11 5 2 8 7 4 11 10 10 7 1 5 9 7 7 10 11 15 5 11 2 13 13 
8 14 13 2 10 13 3 4 11 11 0 10 5 4 7 7 0 15 3 12 13 8 11 2 10 14 13 1 13 9 15 6 
12 7 3 0 13 11 14 12 11 7 11 3 3 9 11 10 15 0 8 12 5 7 12 8 0 10 6 11 2 3 4 0 
10 9 5 2 15 5 11 2 9 0 15 14 12 6 7 15 7 14 9 5 5 3 6 3 12 3 8 2 0 7 14 10 
