3 15 4 2 8 8 9 8 7 4 11 10 8 4 8 7 14 2 7 5 13 7 10 1 2 3 7 13 4 15 10 6 
2 14 15 2 13 12 11 9 14 12 0 11 8 7 10 7 0 10 6 0 15 10 9 1 7 8 15 5 3 2 5 4 
2 12 5 10 6 5 6 8 6 11 10 9 5 12 8 10 0 15 11 5 11 11 2 5 6 5 15 11 7 5 12 1 
11 2 4 1 15 10 9 1 6 13 10 7 11 7 4 0 1 10 6 5 11 1 0 0 2 9 4 11 15 11 1 13 
14 2 14 13 4 12 15 15 2 11 7 11 1 4 14 2 10 9 0 1 13 11 2 6 14 10 1 1 2 8 2 6 
13 3 7 7 14 2 5 9 0 2 0 15 5 3 0 11 7 15 5 8 10 11 12 10 6 5 0 8 7 12 15 3 
9 0 8 6 11 11 11 2 11 8 11 11 6 0 3 13 11 4 5 0 5 1 2 1 6 4 5 8 0 7 9 7 
0 9 15 2 5 14 0 4 3 10 12 0 2 14 2 15 5 13 8 11 7 13 3 13 13 13 0 9 2 11 3 8 
13 1 8 4 7 2 8 1 11 10 13 7 15 13 14 12 3 0 1 13 0 2 7 11 8 13 10 11 15 12 9 6 
11 1 8 14 12 6 1 14 5 3 7 7 7 0 9 5 9 13 3 3 14 5 11 12 2 2 2 13 14 11 1 6 
11 6 6 3 12 10 4 10 13 1 9 10 0 4 12 6 14 4 13 4 1 13 15 12 13 9 0 2 3 2 2 12 
12 13 1 0 3 5 9 0 2 11 11 7 9 8 5 11 0 15 5 3 3 5 6 7 1 14 11 10 8 14 4 9 
