7 0 2 15 15 10 2 8 11 8 1 0 5 12 9 3 3 10 5 8 11 8 5 12 9 7 13 2 0 11 15 6 
14 9 2 5 10 9 14 7 3 5 4 3 8 2 6 8 9 2 10 13 1 3 3 2 13 1 12 4 8 5 13 9 
2 5 4 14 9 13 2 11 3 4 10 5 5 15 7 15 2 3 12 7 10 2 2 0 6 11 12 11 11 11 6 7 
7 12 14 14 13 9 0 9 3 6 0 9 12 7 2 14 0 2 10 7 12 15 4 1 2 10 3 10 5 14 4 6 
9 13 0 7 0 5 10 11 8 7 5 11 0 11 4 13 1 15 8 15 13 6 8 11 9 6 8 5 14 10 1 6 
7 13 4 0 3 4 6 6 14 10 13 8 0 11 10 2 9 8 10 5 13 6 12 15 10 2 3 4 2 13 13 9 
9 14 12 4 10 2 4 11 11 0 3 0 8 15 1 6 5 1 14 10 11 15 11 14 6 10 2 5 4 10 2 0 
9 3 9 5 13 14 15 0 5 14 5 7 0 0 9 11 7 4 11 7 6 6 2 8 4 2 11 15 9 1 10 3 
3 13 12 8 7 11 6 6 9 9 7 8 1 13 5 10 2 12 8 11 11 4 5 7 8 3 2 11 2 12 7 5 
9 1 5 0 4 7 11 7 2 11 15 4 15 10 14 11 10 15 2 1 3 7 9 2 4 3 9 2 4 12 7 15 
0 0 14 2 3 14 3 13 3 2 14 1 14 2 0 5 1 5 9 15 12 10 11 6 11 10 7 9 11 9 15 7 
7 6 12 0 11 15 6 14 6 6 9 13 6 10 2 2 4 11 9 14 6 13 11 11 11 15 3 13 0 4 4 9 
