15 8 12 1 11 7 2 12 0 13 1 1 14 8 14 9 6 13 10 4 15 2 9 0 11 14 1 3 8 1 10 15 
0 13 0 13 9 5 1 7 12 12 8 12 6 4 8 7 7 8 8 12 13 13 10 5 8 13 9 4 4 13 5 1 
9 10 4 1 8 11 8 11 12 7 6 12 11 7 7 7 0 2 7 7 4 14 4 6 14 5 13 2 7 3 8 8 
9 11 6 3 8 11 5 4 9 3 5 15 13 15 5 8 8 13 7 11 15 5 4 0 14 4 12 3 9 2 15 10 
12 14 5 2 11 12 9 8 1 2 2 15 6 0 7 2 7 7 0 13 7 8 7 15 14 2 1 4 6 9 7 9 
11 6 8 4 8 12 12 8 5 13 2 0 8 12 3 0 14 11 4 9 9 9 2 6 15 2 13 6 15 12 11 8 
4 10 3 2 1 6 5 2 11 1 8 11 1 5 6 13 12 3 11 14 14 11 4 0 0 6 12 10 10 11 7 11 
15 14 14 5 5 1 12 3 4 5 1 9 6 4 8 1 2 5 3 4 10 9 14 7 0 3 9 10 11 0 9 3 
6 1 14 13 9 12 3 0 2 2 10 6 9 6 11 4 5 8 14 6 8 14 14 6 6 5 9 7 10 13 11 1 
0 15 3 12 3 15 4 7 15 4 14 1 6 3 3 14 13 10 14 10 2 0 6 7 2 7 12 8 6 0 0 12 
9 12 15 9 4 4 15 11 14 1 4 0 4 10 3 4 14 9 6 10 4 6 5 5 8 15 15 0 11 8 14 9 
0 0 6 8 11 9 0 0 7 14 14 0 10 6 5 9 9 10 9 8 12 5 12 11 7 15 3 12 2 5 8 3 
