4 2 4 10 4 1 4 14 0 6 3 7 5 9 14 3 13 9 13 3 15 13 7 3 11 11 13 6 8 9 4 0 
4 6 8 5 0 1 9 0 13 12 14 0 6 7 12 5 0 11 4 11 11 4 0 8 2 1 8 15 14 6 2 10 
8 1 8 3 14 4 14 13 13 4 12 7 14 14 0 8 0 7 1 7 6 13 0 4 9 2 10 11 4 7 7 12 
5 0 9 11 8 0 8 8 3 10 10 10 14 7 12 7 3 6 4 12 10 12 2 9 7 1 0 1 15 6 7 9 
12 8 1 3 11 6 4 0 2 2 1 4 6 2 5 11 1 10 14 8 5 6 5 9 1 14 7 13 9 3 9 5 
15 4 4 14 4 7 10 1 7 9 14 4 7 3 8 12 9 5 3 0 8 15 14 8 0 13 2 7 9 0 14 15 
6 3 6 12 14 13 7 12 0 12 6 6 7 8 7 14 12 11 10 7 15 5 8 6 5 1 0 12 13 14 2 10 
3 15 6 3 4 0 8 5 9 5 9 9 5 3 8 5 13 15 12 0 13 12 14 2 9 2 1 4 9 12 4 5 
4 0 0 14 3 15 3 4 10 14 8 10 9 13 6 6 9 3 9 4 9 8 11 6 3 5 7 6 15 12 6 11 
8 7 6 6 7 5 8 9 5 11 14 10 1 15 15 15 15 10 5 14 2 14 6 8 10 6 13 10 6 8 15 14 
3 10 12 12 10 2 13 9 15 8 8 7 2 2 0 11 8 15 4 14 0 3 14 7 9 15 8 10 8 5 0 3 
