0 14 1 14 12 0 0 1 0 11 0 1 4 2 6 3 15 7 4 14 5 2 5 8 12 12 10 10 5 11 14 12 
4 1 0 2 2 15 7 6 13 12 0 9 8 6 6 7 14 14 0 2 3 2 10 11 14 5 5 12 4 12 4 3 
1 5 5 6 11 12 14 4 13 10 11 11 4 4 4 11 12 1 9 4 12 7 15 4 7 7 3 5 5 3 8 14 
4 0 6 10 15 9 15 4 7 5 8 8 13 7 14 14 6 8 2 13 6 6 10 14 2 9 8 14 10 15 5 10 
14 7 14 1 7 1 6 8 10 1 0 15 1 9 6 0 2 6 9 5 9 6 10 3 13 11 13 4 15 0 5 8 
10 14 8 12 2 14 14 11 7 12 10 4 11 7 7 6 14 9 1 8 11 3 0 2 5 5 15 6 4 13 14 5 
3 14 14 3 0 0 8 13 15 14 13 3 6 13 4 11 7 7 6 0 11 9 4 14 12 0 5 6 12 14 6 2 
3 14 14 3 0 0 8 13 15 14 13 3 6 13 4 11 7 7 6 0 11 9 4 14 12 0 5 6 12 14 6 2 
11 3 9 15 1 6 9 13 11 1 3 2 11 4 0 15 15 4 5 7 15 3 1 8 9 0 3 2 13 14 15 6 
13 12 13 8 6 9 15 8 8 11 10 1 9 13 3 0 6 12 8 15 8 4 3 0 14 4 3 10 6 10 15 8 
4 6 5 1 6 6 9 13 3 8 15 10 11 8 12 13 6 11 5 5 0 7 15 14 11 7 4 0 3 6 4 4 
15 13 13 0 0 15 3 10 8 8 3 0 4 7 1 13 4 5 0 7 14 9 7 0 6 13 8 1 8 15 0 1 
11 14 14 11 7 4 0 13 10 13 11 12 1 13 15 6 1 14 11 13 6 5 3 7 4 3 12 3 9 1 10 5 
5 14 12 13 11 11 15 7 13 2 15 13 10 14 1 7 4 6 2 5 14 2 8 3 6 7 7 14 6 11 1 13 
