6 8 1 7 5 14 5 8 8 12 1 6 9 5 6 8 2 10 3 5 10 7 5 5 7 3 0 5 12 11 1 4 
2 11 15 11 11 8 1 4 4 13 11 3 4 11 11 7 2 4 14 9 11 2 15 0 15 3 1 1 8 15 10 4 
5 2 13 8 5 13 11 4 13 2 10 0 9 9 1 15 11 2 3 1 10 0 13 12 7 8 2 4 3 11 6 7 
7 15 3 15 6 10 6 11 7 3 13 15 14 5 6 9 8 15 12 2 1 12 1 14 2 4 15 11 3 1 13 14 
3 14 15 6 3 7 11 6 1 4 5 9 4 10 7 4 11 3 2 14 0 10 13 7 15 15 11 5 10 1 5 9 
3 9 15 5 13 5 9 9 1 10 0 6 9 7 14 10 1 10 13 2 11 2 9 12 8 6 12 2 4 5 2 5 
3 4 0 1 8 5 6 15 10 9 9 4 15 0 11 11 5 6 10 4 10 14 9 4 0 14 14 15 15 12 10 5 
2 11 12 15 13 15 15 4 12 12 10 9 13 2 14 2 7 2 4 6 15 4 5 12 0 8 4 0 15 7 13 1 
5 9 11 12 10 0 8 11 12 7 12 7 12 3 8 0 12 0 6 13 14 7 4 6 0 3 9 8 3 2 6 15 
12 9 12 10 13 7 0 8 9 9 1 5 12 3 5 3 9 4 6 8 4 12 7 7 12 13 7 13 9 8 11 15 
0 12 6 8 0 3 1 14 11 14 12 6 13 11 5 8 6 5 2 3 8 13 11 12 10 12 10 2 7 4 14 2 
4 8 13 11 12 11 5 4 15 3 12 1 6 12 9 8 13 8 5 5 0 10 7 7 9 1 12 7 0 6 9 3 
4 8 13 11 12 11 5 4 15 3 12 1 6 12 9 8 13 8 5 5 0 10 7 7 9 1 12 7 0 6 9 3 
