4 10 6 13 8 0 1 1 2 4 4 10 14 1 2 11 10 1 7 10 15 14 5 9 4 3 1 1 5 15 8 5 
15 0 0 0 0 0 1 4 5 8 11 11 9 11 7 5 7 6 6 5 8 11 4 10 9 6 4 6 6 5 5 13 
13 3 1 7 13 14 5 11 2 3 6 14 0 0 6 15 10 7 9 3 3 2 9 3 12 4 9 1 3 5 7 11 
9 0 13 2 10 0 14 8 1 9 8 1 14 0 5 9 5 10 12 7 2 0 8 10 6 13 6 11 5 10 12 9 
0 10 13 5 7 4 10 9 7 2 12 14 11 13 10 13 13 9 12 10 14 3 15 8 15 5 3 0 5 3 3 14 
14 2 8 7 15 13 14 9 11 3 14 8 1 2 9 8 10 11 13 14 14 8 5 11 4 7 3 2 5 6 3 9 
2 10 9 0 15 5 8 14 8 8 11 3 15 9 3 9 6 13 15 14 6 7 5 3 3 7 10 9 4 7 10 4 
11 15 1 8 13 12 8 6 6 15 14 3 10 1 2 11 3 2 2 2 2 6 12 1 7 9 14 8 8 10 0 0 
12 14 8 3 9 2 11 14 2 12 6 1 6 5 11 1 9 4 7 1 0 4 0 11 7 9 14 4 8 9 12 5 
6 12 12 5 13 3 1 3 9 9 8 0 0 3 13 7 0 3 13 11 14 1 15 10 2 14 3 2 14 4 10 2 
15 14 1 12 5 5 1 2 14 5 6 13 13 4 3 6 5 8 7 10 13 6 0 2 10 1 0 13 2 2 7 14 
10 13 1 8 9 0 11 2 9 6 8 15 4 11 8 2 2 4 5 12 15 8 8 7 11 10 4 6 5 5 15 6 
