11 12 10 14 13 8 10 6 12 2 1 1 1 8 1 9 10 13 3 12 7 0 4 2 1 8 3 3 8 11 15 5 
11 15 7 9 7 9 2 1 9 4 6 10 6 3 7 11 11 7 11 15 11 1 13 10 15 10 2 8 14 15 1 5 
7 12 12 9 6 9 7 9 7 7 8 13 9 3 10 1 12 15 13 12 4 9 15 15 10 4 7 11 8 2 3 12 
14 15 3 9 1 0 8 2 2 2 9 5 5 2 10 6 3 15 15 2 11 6 1 3 14 12 12 7 12 15 4 3 
4 4 9 1 14 4 1 10 11 3 3 15 5 1 9 12 0 5 8 12 6 8 6 9 10 5 7 3 13 0 0 7 
5 7 1 14 7 8 0 7 7 9 6 1 8 9 11 3 14 14 9 14 12 4 5 6 2 8 3 9 14 14 11 0 
9 4 15 10 5 11 8 6 4 14 15 3 15 4 8 11 2 15 10 15 15 14 8 3 3 2 15 6 4 10 9 6 
1 14 8 6 13 13 14 12 14 13 2 14 10 3 5 6 1 1 9 7 1 1 15 8 11 13 11 1 3 6 3 11 
6 9 11 1 1 11 9 12 14 3 13 5 11 4 2 6 9 8 5 0 8 5 4 12 12 8 7 14 11 12 6 2 
13 1 10 12 12 0 3 14 15 9 12 14 4 7 0 10 10 15 7 3 2 8 13 14 0 12 10 13 15 5 14 14 
