1 2 1 5 1 2 9 2 2 8 12 6 0 0 8 4 13 4 13 13 8 10 1 2 3 13 5 0 13 9 6 9 
10 2 7 2 10 13 0 11 5 15 5 2 1 2 0 9 8 0 8 3 7 15 15 4 13 4 12 5 11 11 4 15 
10 2 7 2 10 13 0 11 5 15 5 2 1 2 0 9 8 0 8 3 7 15 15 4 13 4 12 5 11 11 4 15 
2 12 13 5 12 5 13 6 14 11 15 14 5 14 3 5 15 7 1 13 9 5 13 9 2 10 10 3 10 15 14 4 
6 1 9 10 8 3 12 0 6 1 1 12 12 13 15 14 14 9 14 10 2 0 6 12 3 9 12 14 1 8 13 6 
5 0 11 6 5 1 15 0 0 12 0 7 15 15 1 0 7 11 11 9 12 7 4 1 10 10 15 10 4 11 13 6 
10 5 10 10 4 5 15 1 0 7 12 6 14 5 5 14 11 7 3 8 15 0 12 8 3 3 9 8 2 0 10 6 
6 5 4 1 7 2 4 11 13 5 10 11 12 1 13 0 15 13 11 10 14 12 15 13 15 8 10 0 8 0 9 12 
10 5 0 8 12 14 1 0 12 10 11 10 6 0 14 9 3 12 10 13 2 11 7 4 4 7 2 4 5 4 4 13 
4 9 5 10 3 0 7 11 9 5 3 5 7 14 1 10 6 7 3 11 14 2 14 1 0 15 7 7 5 3 0 0 
15 7 7 0 14 4 8 11 3 7 11 1 10 14 0 15 13 4 4 11 2 5 10 6 5 5 11 13 11 12 3 4 
1 5 6 9 14 6 14 15 9 9 7 5 1 5 15 10 9 0 9 10 0 13 5 13 5 3 7 13 12 10 9 11 
