9 14 5 2 5 1 11 3 6 8 0 2 4 4 12 2 15 14 3 10 14 12 8 3 14 1 11 2 9 12 2 13 
6 1 11 6 12 12 11 15 12 11 8 10 1 7 9 3 1 6 8 5 0 14 9 3 11 2 15 0 15 8 15 8 
0 7 8 0 6 6 0 11 7 4 15 13 1 7 12 5 12 5 7 3 12 11 10 9 7 2 14 10 0 2 9 2 
14 3 9 9 12 7 1 9 13 11 6 10 12 2 4 2 6 14 10 2 2 2 13 5 1 8 15 2 3 1 14 11 
8 4 5 12 15 9 4 14 8 4 1 4 2 3 4 3 14 8 10 14 14 10 7 4 13 0 14 0 0 7 14 0 
6 2 11 1 12 9 8 13 9 3 14 10 15 13 11 1 15 7 3 6 3 12 12 4 5 10 10 3 14 13 11 10 
14 14 7 12 15 10 11 1 6 4 9 0 9 5 7 9 7 0 11 1 11 1 11 3 6 15 6 0 12 11 1 1 
8 7 14 0 14 7 6 2 0 0 14 13 15 15 14 10 7 6 10 14 3 13 11 0 5 3 0 0 1 9 11 7 
0 4 9 7 0 9 7 7 14 13 5 11 14 0 14 4 4 10 8 7 9 14 15 14 11 13 8 9 6 1 3 12 
15 8 3 10 4 13 4 11 8 10 15 6 2 11 8 0 12 11 0 2 2 12 14 8 13 4 9 11 14 14 2 0 
15 12 11 10 0 14 7 7 3 13 4 8 8 0 3 11 14 13 13 9 1 15 2 6 13 9 0 3 7 0 10 11 
7 7 4 14 13 5 15 1 13 1 3 6 5 8 4 0 8 8 11 15 6 2 1 8 14 12 10 5 3 9 7 5 
