10 3 1 3 15 8 1 6 5 12 0 1 7 0 11 1 0 8 13 5 5 6 5 4 1 8 15 3 13 0 1 13 
13 3 9 2 15 7 7 2 11 8 12 12 2 8 13 13 2 6 5 9 4 3 12 0 0 4 6 12 2 8 6 13 
14 4 12 12 2 8 11 5 5 11 0 6 15 13 5 9 9 0 12 5 11 6 1 8 2 4 15 8 14 14 7 13 
10 9 5 12 5 9 5 5 6 2 8 4 10 3 8 7 8 4 2 8 1 6 7 2 5 6 8 15 5 11 7 14 
9 1 6 15 15 7 5 9 8 4 1 7 11 8 4 10 14 11 7 8 3 12 10 10 1 13 7 11 3 0 12 10 
6 6 2 3 4 7 6 4 3 0 6 8 6 12 2 5 12 5 4 0 15 9 5 14 2 7 15 11 7 1 7 11 
3 4 0 0 7 12 11 8 12 13 11 13 13 12 14 7 7 1 9 9 11 11 0 0 1 3 2 1 5 11 0 14 
3 10 0 15 1 5 3 4 7 8 5 4 11 4 2 5 10 11 15 13 14 14 10 9 10 0 3 6 1 11 15 13 
2 0 7 11 6 9 2 15 3 6 5 9 13 2 14 13 7 8 8 11 5 6 4 0 12 3 4 2 4 5 13 10 
0 5 8 1 0 15 15 8 11 15 0 4 6 2 15 8 12 2 4 11 1 12 3 6 8 1 7 4 6 0 7 8 
14 12 15 1 4 2 14 5 9 12 3 0 11 15 4 2 5 1 9 8 15 5 2 9 4 3 7 0 8 2 1 14 
5 13 5 4 13 15 5 13 6 5 6 1 4 13 0 4 11 10 10 15 1 0 4 3 0 15 14 5 10 9 15 1 
