10 6 10 13 12 2 4 10 13 2 4 9 4 10 8 12 10 8 2 1 3 5 10 15 4 4 2 3 0 3 13 9 
12 13 7 5 6 0 13 3 7 6 13 11 10 11 14 3 5 8 11 5 8 8 6 11 11 0 1 2 11 6 13 4 
9 7 6 6 6 14 3 7 0 10 0 7 14 5 5 4 9 8 14 1 7 14 0 14 11 13 4 7 10 8 4 14 
3 12 8 9 12 3 8 9 13 4 5 6 3 9 6 6 5 6 5 15 9 4 9 8 5 13 1 11 4 1 7 6 
13 6 11 6 3 13 4 15 14 7 11 10 3 12 1 15 7 15 4 4 11 6 1 5 0 3 15 13 6 10 5 8 
8 7 5 14 9 1 10 3 11 9 3 0 1 7 7 9 12 7 10 14 7 10 0 9 7 11 5 13 11 8 14 0 
10 7 12 12 12 7 0 14 8 8 13 1 8 1 15 7 4 9 13 15 7 2 10 4 14 4 11 0 3 0 5 9 
12 2 11 15 10 5 10 5 1 6 12 10 1 14 6 3 11 11 8 1 1 10 3 14 8 11 8 1 7 12 6 1 
4 13 0 2 4 7 8 5 0 3 6 3 3 11 6 3 11 14 13 4 6 5 12 11 9 10 2 11 10 10 13 10 
13 6 10 8 5 13 2 6 4 8 1 8 8 9 3 3 5 11 9 11 13 9 8 7 8 8 5 3 5 15 14 15 
5 11 0 0 13 2 9 3 0 3 5 13 13 8 13 14 10 8 14 14 4 14 12 3 11 11 0 15 11 1 10 9 
6 10 3 7 15 8 10 7 8 10 14 5 10 11 0 10 0 15 2 15 2 15 6 12 1 5 9 7 5 8 11 7 
