13 0 9 9 1 3 14 11 2 8 8 6 15 0 3 14 8 3 1 9 15 15 3 7 9 6 5 1 1 14 3 15 
10 14 4 1 13 0 2 3 7 4 2 8 14 14 14 6 10 1 2 4 12 0 0 3 13 13 4 8 10 15 7 2 
10 1 13 6 7 6 12 7 14 12 3 12 4 13 9 7 6 3 9 9 2 2 8 14 15 14 8 12 0 10 5 11 
13 15 9 6 12 2 12 11 12 10 11 13 4 15 8 15 9 4 2 2 0 7 6 6 13 0 13 6 10 1 3 2 
2 9 11 10 15 4 10 13 6 3 8 9 4 8 10 7 13 13 2 12 0 3 10 0 14 2 5 6 11 4 10 5 
2 11 5 8 12 10 4 6 8 2 0 15 12 11 15 14 4 14 11 14 14 2 7 11 7 10 12 3 7 0 11 11 
13 11 14 0 13 8 5 3 13 13 9 9 7 7 5 15 8 7 4 9 7 1 10 0 0 13 1 12 0 9 4 3 
10 13 10 13 15 3 9 9 11 11 15 3 11 3 14 13 13 10 1 13 14 5 11 10 15 4 4 1 13 15 0 5 
2 5 0 11 8 8 8 15 8 14 6 11 3 7 4 4 15 3 4 11 14 11 5 10 2 14 15 8 4 5 14 2 
2 5 0 11 8 8 8 15 8 14 6 11 3 7 4 4 15 3 4 11 14 11 5 10 2 14 15 8 4 5 14 2 
11 9 4 8 6 6 9 1 10 5 0 11 9 3 4 15 2 12 4 1 0 9 4 8 6 12 7 1 9 7 13 6 
3 3 8 5 5 1 15 8 8 8 8 6 9 0 8 9 10 6 8 11 0 12 7 0 3 6 13 6 13 4 8 5 
4 14 14 5 3 14 9 6 15 11 8 11 5 13 11 7 15 12 3 9 14 2 9 15 8 4 8 15 4 12 2 5 
