15 13 2 11 15 12 12 13 4 9 13 3 0 13 2 8 3 11 14 9 2 3 11 5 14 6 7 7 11 3 10 12 
0 5 15 15 10 11 0 1 10 4 11 8 14 6 3 11 10 14 5 12 15 15 11 7 5 2 9 12 5 0 12 12 
2 0 3 13 9 2 3 6 13 8 9 13 13 7 6 9 4 8 13 3 13 3 1 8 14 4 15 15 0 2 4 4 
13 0 13 3 4 12 2 15 10 1 12 15 5 11 15 2 2 7 13 7 5 1 14 13 4 6 7 13 0 2 3 9 
5 2 12 11 14 2 0 13 2 1 1 5 5 13 2 12 8 9 3 9 11 9 0 15 15 6 13 10 10 10 2 1 
5 10 10 15 9 4 1 5 3 13 1 1 13 7 2 6 15 6 13 5 14 12 12 0 14 3 1 5 9 7 14 5 
8 3 4 6 12 0 9 3 2 7 1 7 6 12 13 5 13 7 2 13 13 2 6 11 1 3 11 11 6 13 3 6 
3 4 12 12 13 5 15 13 13 2 4 8 14 6 14 11 7 1 12 4 5 15 6 12 0 10 2 6 2 7 4 6 
4 13 2 0 13 9 5 1 7 2 15 2 0 7 0 8 9 14 12 14 0 6 7 9 1 4 7 13 7 1 9 13 
14 7 14 8 9 4 15 2 5 3 4 12 13 3 0 9 3 1 8 6 12 10 1 4 8 14 14 2 9 15 2 6 
13 15 13 14 6 11 1 12 9 10 2 10 15 15 2 2 2 4 0 0 11 14 1 5 6 1 13 4 5 4 10 9 
