4 5 13 15 3 10 3 13 7 9 14 3 13 11 9 10 3 15 15 11 14 8 1 3 4 12 8 8 10 2 12 7 
6 11 9 15 7 7 9 1 8 15 8 3 6 8 4 14 13 10 11 12 9 1 15 15 6 5 10 10 0 4 7 7 
6 11 9 15 7 7 9 1 8 15 8 3 6 8 4 14 13 10 11 12 9 1 15 15 6 5 10 10 0 4 7 7 
8 1 11 4 7 2 10 0 9 13 14 10 4 7 12 3 12 12 12 11 1 13 7 9 13 5 0 14 12 8 1 4 
1 10 12 5 8 0 12 7 11 5 10 4 8 0 10 2 9 2 14 15 9 2 3 2 2 6 0 14 14 14 5 6 
7 2 4 0 5 4 1 2 0 15 14 15 14 10 15 5 12 6 10 6 7 7 1 8 6 10 8 8 2 9 12 14 
3 6 12 0 1 9 1 10 2 6 6 6 0 15 2 6 0 7 5 13 3 4 13 0 8 0 0 4 0 8 3 14 
5 13 1 11 3 11 1 5 5 9 12 8 12 15 3 8 5 7 3 4 0 1 6 14 10 11 14 9 12 7 5 2 
12 0 4 2 5 0 11 3 1 7 7 10 15 5 2 13 15 1 6 11 4 9 0 0 11 6 4 14 12 13 3 9 
3 11 5 2 1 4 0 3 5 11 12 5 11 7 3 12 5 10 3 1 0 1 8 15 11 11 11 9 8 7 3 5 
6 8 4 6 15 5 9 8 0 1 3 4 8 9 4 0 0 10 13 10 10 10 1 2 13 9 6 14 8 3 9 2 
15 14 5 7 7 5 10 12 8 5 8 14 3 14 0 11 7 2 9 9 3 8 5 0 0 14 13 13 3 12 6 4 
0 14 10 15 3 9 7 11 6 7 11 7 14 12 10 15 6 8 5 4 14 4 12 14 0 3 0 8 15 12 11 2 
3 9 11 14 13 9 2 15 8 3 1 0 5 15 3 10 2 2 1 14 0 8 2 13 14 7 1 8 15 6 5 12 
3 9 11 14 13 9 2 15 8 3 1 0 5 15 3 10 2 2 1 14 0 8 2 13 14 7 1 8 15 6 5 12 
