11 4 2 10 3 13 6 9 2 3 9 12 11 8 0 14 8 5 4 12 0 6 10 2 10 6 10 7 9 15 15 6 
5 13 5 7 1 5 3 15 0 1 5 10 1 1 4 8 2 9 9 15 14 4 8 6 13 13 13 5 5 12 2 7 
8 13 1 4 10 7 11 4 7 1 11 1 8 11 3 3 8 14 5 12 14 14 0 10 15 1 6 4 15 15 2 11 
13 15 5 0 0 11 12 2 3 9 15 14 2 10 3 7 13 6 6 7 12 7 1 7 12 4 14 10 10 11 12 15 
1 10 13 10 15 0 13 1 10 10 12 4 1 14 7 9 14 11 1 2 10 12 0 11 12 3 0 8 14 11 13 9 
6 6 8 14 11 14 12 15 7 5 3 12 4 10 3 0 13 6 11 2 11 11 7 7 8 9 0 4 4 6 4 7 
14 6 2 2 11 7 5 8 7 14 11 11 2 13 15 5 15 0 14 5 8 15 0 5 2 0 11 6 12 2 7 3 
2 14 5 0 6 12 3 1 6 8 11 6 2 4 12 10 4 1 13 4 8 14 2 7 11 3 15 6 11 6 8 1 
1 12 2 1 15 2 12 9 0 4 10 0 14 4 3 12 15 5 0 8 13 14 13 3 5 15 3 8 8 2 9 7 
3 0 10 0 3 3 9 13 11 15 2 12 12 6 5 2 4 1 9 13 1 7 2 15 9 1 2 14 14 6 8 9 
6 14 3 3 14 4 13 14 3 11 1 5 3 15 9 1 8 4 11 6 4 5 9 10 4 15 14 8 13 15 8 11 
6 13 9 8 12 7 2 13 11 11 2 2 9 13 7 14 6 10 7 4 2 9 1 13 11 11 5 14 12 3 14 4 
8 2 12 6 6 0 8 3 1 4 1 3 3 10 5 10 6 14 2 3 9 2 13 2 4 6 2 5 7 14 8 12 
