5 6 3 13 13 12 14 13 6 9 6 4 0 15 12 8 6 0 5 5 6 15 13 1 6 2 12 2 13 4 13 2 
5 4 13 0 9 5 9 15 10 8 7 0 14 9 5 11 5 6 7 0 9 4 11 7 9 5 8 6 1 15 10 10 
7 10 11 14 5 0 9 14 7 4 0 15 9 11 8 13 12 5 7 8 11 1 15 2 4 3 4 5 13 9 6 0 
13 14 15 2 8 12 0 11 11 4 6 13 10 2 9 4 14 5 9 5 13 2 2 14 9 5 13 10 13 7 9 12 
8 2 10 11 1 6 13 4 8 8 3 11 2 7 7 9 9 14 3 9 14 6 0 6 9 8 3 15 11 11 12 15 
15 15 1 8 3 14 0 4 4 6 4 10 1 0 6 13 1 9 7 4 6 2 6 11 13 7 0 14 0 1 2 4 
1 15 9 15 10 5 10 15 5 6 2 14 6 6 15 2 14 10 2 15 7 14 4 0 5 8 5 3 7 9 11 9 
2 11 7 10 12 6 8 1 13 13 7 3 15 10 11 15 14 15 3 6 15 3 12 2 0 11 10 4 3 15 15 6 
2 11 1 11 2 15 2 10 6 8 4 2 14 11 5 6 10 12 14 8 9 8 6 0 7 3 9 2 1 10 5 11 
2 11 1 11 2 15 2 10 6 8 4 2 14 11 5 6 10 12 14 8 9 8 6 0 7 3 9 2 1 10 5 11 
13 1 0 8 13 13 9 7 10 0 3 2 12 11 11 9 11 7 9 15 13 4 9 7 3 10 8 11 3 11 14 14 
8 3 2 4 0 4 3 5 14 7 8 15 7 14 1 10 15 10 2 2 0 7 9 4 15 14 0 4 13 1 9 15 
