9 13 5 5 12 9 7 5 8 8 4 0 15 0 7 9 5 4 4 13 5 15 2 13 14 9 8 7 6 14 9 2 
2 14 12 15 1 3 7 12 15 8 15 0 11 1 0 6 6 11 15 11 14 11 11 14 6 11 10 13 6 13 7 7 
8 6 4 2 6 10 15 3 3 6 6 11 7 10 7 7 11 8 15 14 7 13 6 6 15 15 1 5 11 14 4 0 
8 12 14 5 1 8 13 4 8 14 6 0 5 13 7 12 7 8 14 7 5 4 14 11 13 10 3 12 0 0 7 14 
5 14 8 2 6 11 8 15 14 15 2 7 3 15 15 13 10 3 7 8 15 0 11 8 8 8 6 12 5 9 9 8 
7 15 4 9 6 5 14 9 11 3 3 9 9 3 4 2 5 7 0 5 0 15 9 5 5 6 3 14 0 4 12 1 
8 11 4 3 13 10 9 14 2 15 10 4 15 9 14 11 7 3 7 12 10 3 7 7 4 6 15 10 2 2 6 12 
3 4 12 9 6 3 7 6 1 3 6 8 5 11 10 1 3 2 5 13 9 14 3 14 8 6 6 11 8 3 9 4 
9 3 3 8 14 11 8 2 4 6 10 13 6 9 9 2 11 11 2 11 3 12 1 0 14 3 2 3 6 4 2 6 
7 13 8 9 10 2 5 7 8 9 0 8 8 5 3 13 2 12 13 13 1 3 10 8 13 13 15 15 5 4 3 4 
8 15 8 15 11 3 4 6 1 10 11 4 5 3 2 12 11 2 3 15 1 8 8 11 11 4 4 15 6 10 4 4 
