9 14 10 0 12 3 8 4 11 1 15 0 12 12 4 6 15 8 1 3 8 5 2 9 14 14 2 11 4 14 12 8 
11 3 4 14 10 0 13 3 6 5 5 2 13 5 15 11 3 1 12 5 4 2 7 6 2 2 12 9 11 14 15 9 
13 13 6 10 3 5 0 7 8 14 10 6 14 7 4 5 0 6 9 4 15 11 14 9 10 9 3 9 11 13 10 11 
9 10 13 14 15 15 2 8 11 13 12 2 11 9 0 2 9 1 7 6 14 9 1 2 5 4 15 0 7 3 7 8 
8 4 8 2 9 12 11 1 10 1 10 2 5 0 9 15 7 3 2 13 8 10 0 6 6 5 14 4 3 0 3 7 
11 14 7 5 9 6 1 12 6 15 2 14 8 12 14 15 0 3 0 0 13 9 10 8 0 0 8 12 12 11 11 4 
12 6 10 15 14 0 15 14 8 1 9 15 6 10 12 7 1 14 8 5 7 6 13 4 7 14 4 15 6 14 7 7 
0 10 14 6 5 6 14 14 2 13 0 0 8 11 11 0 3 12 15 10 10 4 9 13 12 9 11 4 1 1 7 6 
3 11 13 0 1 3 13 5 2 9 1 10 12 2 8 6 2 13 9 8 10 6 2 9 14 0 2 2 11 7 4 15 
15 6 10 4 6 10 14 8 1 12 8 11 5 10 3 0 5 8 6 3 2 1 4 6 13 7 4 14 4 7 9 12 
10 15 13 14 8 6 6 10 8 12 2 7 14 0 7 11 12 1 8 13 6 8 7 11 8 1 1 11 11 10 14 3 
14 7 7 1 9 0 4 7 11 11 15 12 2 8 5 4 0 6 2 5 4 10 13 12 5 2 1 7 7 11 8 7 
