1 3 15 0 2 7 0 12 14 0 14 12 8 9 1 15 8 11 9 2 14 15 4 12 8 6 10 5 15 9 6 5 
11 15 8 7 8 14 7 4 2 1 11 14 15 13 2 4 10 1 0 6 13 14 14 0 15 11 10 1 5 7 7 4 
3 3 11 2 6 5 0 3 13 10 6 6 1 6 13 11 7 2 4 10 5 2 4 3 5 8 11 11 12 7 11 10 
8 12 3 2 6 10 3 11 0 8 9 12 12 10 12 4 5 1 8 14 13 10 2 2 14 14 11 9 5 8 1 8 
5 7 0 5 8 12 11 12 5 14 1 8 2 13 11 1 1 5 10 13 14 1 14 10 9 6 1 11 15 9 2 2 
6 9 7 9 15 10 10 9 11 8 14 4 5 6 10 2 1 12 1 2 10 2 9 4 5 3 12 0 9 4 0 4 
13 4 1 5 10 0 10 15 11 14 4 13 2 8 10 15 11 3 5 11 12 0 5 11 3 5 10 10 9 4 1 5 
5 3 13 5 3 13 12 13 11 6 3 13 12 0 13 13 7 2 8 6 1 7 8 3 6 7 1 1 6 0 9 9 
6 15 15 0 14 7 13 5 14 4 9 2 0 13 10 13 5 8 5 11 9 1 0 7 6 4 1 11 6 1 5 0 
4 12 4 5 9 10 0 0 6 2 4 7 3 13 15 14 3 6 14 15 1 10 4 0 0 3 0 8 14 3 6 15 
10 11 13 2 7 0 6 3 2 0 11 0 2 7 6 0 11 7 7 12 8 6 3 10 13 5 12 8 4 8 15 10 
12 2 13 12 9 10 4 11 13 11 4 5 0 2 13 7 8 1 6 1 7 7 13 7 12 3 11 4 12 10 8 12 
