5 4 15 10 15 5 12 1 10 5 0 1 13 6 14 7 0 9 0 2 10 15 5 14 12 14 7 10 4 8 0 6 
9 13 5 1 1 8 1 12 7 6 7 13 8 8 10 5 13 9 9 0 14 0 0 9 1 3 1 9 1 2 12 13 
5 10 15 10 1 7 7 5 14 6 4 7 4 1 6 3 14 7 14 3 3 6 3 5 1 11 13 11 14 13 11 8 
11 4 13 2 8 15 7 5 3 10 6 13 7 10 8 0 10 5 9 6 15 13 5 2 8 8 3 12 0 9 8 12 
7 0 8 12 5 1 6 7 1 11 12 9 15 4 6 1 7 8 6 10 15 13 3 9 9 9 12 6 7 2 15 1 
11 14 10 8 2 13 14 4 13 13 4 3 5 4 11 1 0 6 15 13 11 2 0 4 14 13 5 1 9 3 3 14 
6 14 2 7 12 10 1 5 12 15 2 14 14 14 5 5 6 2 5 10 10 7 8 3 14 10 2 1 10 8 7 0 
1 11 3 13 7 11 13 13 4 2 12 5 8 10 15 7 2 15 15 11 9 13 11 7 14 4 15 13 8 13 13 12 
7 14 1 7 8 4 6 5 15 11 14 11 14 3 5 12 6 7 9 12 11 11 7 14 4 8 9 7 4 2 6 3 
5 10 9 8 11 7 0 15 3 2 7 3 11 5 14 3 15 1 0 10 4 2 7 6 8 13 11 6 1 8 1 5 
8 13 13 6 11 0 15 14 0 13 12 4 8 11 12 2 13 13 10 2 3 15 12 1 2 6 0 12 11 2 13 1 
13 4 2 5 11 2 6 1 3 6 5 13 5 0 14 5 6 15 11 6 10 15 9 4 10 3 13 7 15 7 2 6 
1 15 1 1 1 12 0 5 2 11 10 8 10 13 2 14 15 11 3 5 7 12 2 12 12 11 4 1 8 6 1 10 
