3 9 14 14 9 1 8 1 7 6 0 14 1 12 2 1 14 11 4 1 5 10 14 2 4 7 4 8 6 4 6 10 
15 13 3 2 15 13 2 14 8 10 3 12 15 3 7 0 13 10 10 15 15 11 13 7 0 4 15 14 9 4 5 1 
14 15 9 9 2 12 14 9 5 11 10 11 6 13 13 5 6 13 11 13 13 10 0 3 1 6 14 0 3 14 14 15 
15 8 10 11 5 11 6 3 0 15 6 0 11 10 5 14 12 0 15 1 15 1 0 0 3 9 9 7 2 14 4 11 
6 0 12 10 2 2 2 11 3 12 11 13 3 1 14 15 5 9 9 15 9 4 15 13 1 2 9 11 5 8 4 7 
1 12 11 13 6 3 11 2 6 4 12 3 3 9 15 9 9 7 11 8 6 7 10 8 1 1 0 4 1 9 13 14 
13 3 0 9 1 10 5 0 12 11 4 9 8 15 8 0 3 11 15 0 1 7 11 7 12 10 15 9 10 10 13 11 
10 1 4 7 12 10 3 12 14 2 2 12 14 0 9 10 0 1 9 11 10 2 7 9 8 6 6 2 1 4 12 0 
15 3 10 5 9 15 14 8 3 8 5 14 1 13 4 4 2 1 5 10 0 13 13 11 13 0 6 13 11 0 8 9 
2 15 13 0 8 1 1 7 2 9 10 0 2 10 7 2 12 15 12 0 2 7 11 3 2 14 15 0 10 14 8 13 
11 6 9 13 5 14 4 3 11 15 14 10 14 10 2 4 12 2 15 9 12 5 5 1 0 6 12 0 10 5 14 15 
5 2 5 4 1 15 11 11 11 1 12 2 4 15 3 5 4 9 0 6 12 14 12 10 8 1 4 3 15 2 10 11 
2 12 4 15 9 13 5 2 8 10 14 14 6 8 10 14 11 7 4 12 15 9 9 0 0 0 15 12 6 10 6 6 
