6 5 4 15 13 7 4 12 0 14 2 0 11 3 3 1 9 14 7 10 6 3 11 15 11 13 8 2 10 3 13 10 
15 5 6 7 9 6 10 5 11 4 6 14 4 9 1 15 5 10 3 0 11 7 13 8 10 13 4 12 8 8 3 3 
4 12 0 2 0 10 8 2 10 9 11 12 7 9 5 6 3 4 2 2 2 8 13 4 15 11 6 11 11 6 1 2 
13 5 13 14 3 14 12 3 11 10 2 1 0 6 13 15 10 15 3 6 14 0 14 6 3 9 8 13 8 8 11 9 
1 6 0 14 9 8 14 8 6 9 2 12 9 4 8 12 15 6 6 6 14 13 13 13 3 3 15 2 10 15 11 3 
6 4 15 5 11 14 3 12 8 6 13 8 12 2 4 4 5 7 4 2 15 2 9 2 7 13 14 8 7 4 6 2 
7 5 9 15 0 1 3 10 14 11 14 14 4 14 14 2 3 10 14 0 6 11 1 15 1 5 4 2 2 10 5 14 
14 8 14 12 8 3 4 5 10 8 4 5 12 2 0 8 7 1 13 15 13 5 10 2 8 9 11 0 6 9 14 0 
14 3 15 5 11 12 1 3 6 0 10 1 14 1 4 6 5 9 14 15 11 15 9 11 5 9 6 2 2 8 1 3 
10 13 10 2 0 12 2 6 6 9 13 1 8 2 5 4 6 8 10 9 9 3 1 0 1 4 12 3 7 8 1 6 
2 1 11 4 13 10 4 8 9 4 15 3 14 10 1 3 0 15 1 6 13 4 4 2 14 1 4 14 3 6 1 9 
12 15 13 5 6 0 2 2 3 1 5 1 5 2 4 7 15 6 10 15 15 14 8 1 7 4 14 10 3 11 6 14 
