1 3 10 5 4 14 13 2 11 2 8 2 0 0 11 0 6 14 11 14 1 0 5 15 10 10 11 0 15 13 9 12 
15 13 1 5 11 15 11 1 8 9 5 12 11 11 9 5 8 14 0 8 1 6 11 7 3 12 15 7 2 2 5 5 
15 13 1 5 11 15 11 1 8 9 5 12 11 11 9 5 8 14 0 8 1 6 11 7 3 12 15 7 2 2 5 5 
1 15 6 12 6 14 6 15 12 1 14 12 8 4 15 6 2 9 5 6 12 12 5 3 3 1 6 7 2 10 12 10 
12 6 1 13 6 0 7 6 11 7 14 0 10 5 6 10 13 10 14 0 8 14 11 7 14 12 5 12 6 15 0 6 
3 5 10 4 9 15 6 3 3 2 4 8 3 4 8 14 10 1 11 12 7 0 7 14 7 7 15 3 5 7 13 7 
4 14 3 15 9 15 13 7 12 14 1 0 11 4 15 14 3 10 0 10 10 14 1 2 4 1 9 4 10 4 11 9 
13 10 10 11 0 12 13 8 10 10 1 11 6 11 3 14 1 4 14 11 15 4 2 10 12 0 15 7 3 15 11 13 
12 13 10 11 2 2 13 12 9 9 2 10 14 11 2 2 14 12 2 7 7 5 2 4 2 15 14 12 13 2 2 6 
13 1 10 1 9 13 6 15 4 15 13 0 11 8 9 0 2 6 13 9 1 13 10 2 15 11 2 4 1 15 6 4 
8 11 6 8 12 9 9 6 7 6 15 13 7 2 13 11 14 3 1 7 2 13 0 2 12 2 3 4 7 4 9 0 
13 15 10 11 4 14 7 0 14 11 14 3 0 10 13 6 4 10 8 11 9 9 10 9 9 9 15 15 14 7 1 5 
8 12 1 11 15 7 8 13 7 5 9 14 7 4 10 11 10 13 5 8 7 12 1 3 15 14 4 9 12 5 3 5 
1 9 6 13 15 12 8 7 8 1 10 8 5 1 2 2 3 4 2 11 9 12 4 13 11 7 12 15 8 0 8 0 
