4 10 11 0 15 15 12 6 1 9 10 4 11 5 15 0 6 13 12 10 15 2 10 13 3 6 10 9 2 6 10 10 
13 3 7 15 6 4 0 12 5 9 2 15 5 13 9 0 8 1 4 1 3 15 13 6 15 12 10 10 3 0 8 6 
4 14 14 1 13 4 14 1 12 2 0 6 7 1 11 15 0 5 10 9 12 15 8 15 1 2 6 11 4 6 13 15 
9 3 0 7 5 15 7 10 12 11 2 13 11 9 6 8 10 13 0 13 11 8 14 13 0 7 3 3 0 13 10 13 
7 13 5 13 13 13 12 14 5 13 5 14 9 12 12 12 1 9 12 6 12 15 3 8 7 7 5 6 8 1 15 9 
8 5 0 9 10 13 1 2 12 0 1 14 5 7 3 10 14 15 2 2 9 3 15 9 11 7 9 2 15 6 9 9 
5 9 12 15 9 14 15 3 1 15 0 12 3 9 10 10 6 15 11 14 9 0 4 0 6 2 10 12 2 13 1 12 
1 4 2 12 1 3 11 11 14 13 3 9 4 7 9 14 10 13 10 7 8 8 3 8 0 2 10 4 2 15 12 15 
10 12 13 14 8 12 11 1 9 3 2 14 2 6 10 3 8 9 0 6 9 13 2 11 9 7 9 11 6 7 9 7 
2 0 13 3 2 11 8 7 13 9 4 9 5 13 8 10 5 11 13 5 12 7 8 7 12 12 3 15 1 5 8 15 
14 1 6 3 1 0 6 11 10 1 15 12 3 8 14 15 0 1 6 14 11 3 9 9 10 6 11 6 2 11 6 12 
