0 5 10 8 5 14 7 1 3 14 7 4 13 11 8 6 4 5 13 10 10 10 14 2 6 13 10 5 13 2 14 4 
0 8 2 12 4 12 6 3 11 8 0 2 5 11 11 0 13 7 2 10 10 4 11 4 8 13 15 2 15 14 1 7 
14 13 15 2 0 15 0 2 1 5 13 10 2 10 8 1 13 13 1 1 0 14 11 7 8 11 12 13 10 14 10 15 
12 0 1 2 3 9 12 10 3 5 2 10 15 11 6 12 11 14 1 8 5 10 9 8 12 15 5 10 11 3 8 0 
4 1 5 13 14 13 2 15 7 2 10 13 5 0 15 12 8 2 15 15 8 3 5 9 9 13 14 0 7 7 2 6 
11 1 6 5 5 0 14 10 8 12 2 7 1 14 7 7 12 0 1 14 11 4 13 12 0 8 4 11 13 11 7 7 
5 9 14 1 3 1 10 2 13 0 0 14 0 4 6 8 6 15 12 9 2 12 10 10 3 3 6 1 9 4 2 10 
8 7 1 14 2 13 3 3 15 7 0 13 11 15 6 1 4 1 9 8 7 7 6 10 13 15 10 8 9 8 1 14 
7 14 1 12 5 13 7 6 10 12 14 10 10 9 3 0 7 3 1 10 15 10 9 12 11 4 14 8 7 14 1 10 
4 9 8 10 11 15 7 15 15 13 10 14 1 11 6 1 15 13 8 4 9 1 13 1 11 14 2 3 11 10 10 15 
15 4 6 15 14 12 10 8 15 14 11 8 5 2 5 5 10 12 1 8 4 3 5 6 9 4 13 14 5 6 15 1 
3 0 15 10 15 9 2 11 9 12 6 1 4 9 2 15 6 12 7 7 8 13 1 12 6 11 10 8 2 2 15 14 
