2 14 8 7 12 13 11 8 0 15 4 15 6 7 13 7 15 3 0 12 14 14 4 14 14 10 5 14 1 11 13 3 
13 15 5 13 0 10 9 12 8 15 3 1 8 5 6 4 4 15 1 12 15 1 11 8 6 1 1 8 2 4 6 12 
0 13 8 8 6 1 14 11 13 3 15 3 8 5 2 7 10 13 0 4 15 9 4 8 12 12 4 6 7 5 10 3 
11 15 15 13 10 2 14 4 10 8 10 5 2 9 13 8 15 0 0 8 3 8 11 14 7 7 5 14 12 9 14 1 
11 6 5 13 2 10 1 8 0 4 2 9 15 7 3 2 9 8 6 6 12 15 8 8 11 12 14 13 3 15 2 9 
8 5 6 13 14 5 2 12 0 12 0 12 0 6 2 13 3 11 1 1 1 7 9 3 6 12 10 2 0 15 11 3 
12 10 9 5 10 14 4 5 13 11 3 1 5 12 12 12 1 8 3 0 10 1 9 8 5 2 10 14 10 15 6 4 
7 3 11 15 5 3 14 12 8 7 10 10 15 14 1 13 12 8 9 9 7 1 13 4 3 15 8 2 6 9 6 5 
14 6 8 0 9 5 5 6 5 8 6 15 9 8 15 10 8 3 4 10 12 12 15 1 4 4 1 1 12 9 8 0 
12 4 12 0 11 14 8 0 12 12 3 9 6 0 10 11 12 9 10 2 13 0 6 2 0 10 1 6 10 5 0 11 
10 3 9 8 10 14 10 7 11 2 13 1 15 7 0 0 0 9 14 10 3 0 13 9 3 3 3 15 15 14 15 15 
5 0 7 4 8 15 14 14 7 10 3 2 7 8 6 3 10 0 12 11 4 10 11 7 12 5 13 8 8 11 7 4 
