0 15 1 8 3 14 13 7 3 12 13 9 2 8 1 12 15 14 3 8 15 0 5 7 2 4 10 2 6 13 13 2 
4 9 4 2 4 2 3 1 8 6 9 9 15 10 3 6 2 12 5 7 3 15 5 3 7 13 0 9 8 11 0 5 
7 11 14 3 13 9 5 12 2 12 14 14 8 15 0 7 1 0 0 2 13 14 5 0 14 14 3 5 0 11 12 4 
10 11 7 5 0 14 1 3 1 0 7 4 11 8 12 15 0 3 9 0 10 3 14 7 0 1 10 8 4 12 13 12 
3 8 3 14 10 11 7 7 9 9 8 8 5 1 11 12 1 6 15 0 0 10 2 2 13 14 14 2 5 2 11 4 
14 5 9 3 7 10 15 4 10 4 3 10 3 5 12 14 11 14 2 11 9 5 11 4 5 5 10 13 11 0 5 7 
6 14 2 0 8 4 10 5 15 13 5 1 3 11 12 10 1 12 10 9 0 7 1 3 14 8 8 7 11 13 1 6 
0 10 0 0 6 5 14 5 12 13 5 15 7 7 11 7 4 13 4 11 11 15 8 14 14 11 7 15 7 5 10 5 
12 10 0 9 15 1 1 4 5 10 2 13 14 2 10 3 5 7 7 8 8 7 15 5 7 5 7 5 11 6 3 9 
4 11 15 4 2 7 12 12 2 6 6 0 8 14 12 2 0 15 3 1 1 13 14 14 11 14 5 6 1 11 11 14 
9 1 13 8 11 12 0 4 9 7 0 12 9 4 4 11 8 1 8 5 4 14 12 6 13 2 14 9 15 9 2 0 
5 12 3 12 4 14 5 5 5 4 12 15 6 14 4 0 1 6 9 9 1 2 6 15 12 0 2 5 10 7 13 6 
