6 0 0 13 7 6 3 6 9 2 0 6 7 9 12 6 11 6 3 4 3 7 9 10 1 6 0 4 10 4 1 14 
10 1 4 2 15 0 4 6 5 3 4 6 0 0 11 6 5 2 2 13 6 15 7 5 6 9 14 1 14 2 8 3 
9 0 4 6 7 11 2 4 13 11 8 13 9 5 12 10 5 1 9 5 15 7 10 11 14 14 15 3 3 8 3 5 
6 15 9 3 5 11 13 11 11 9 6 14 8 7 6 15 2 7 1 15 7 2 13 12 2 13 13 5 13 2 8 9 
8 3 7 6 0 14 0 14 0 3 1 1 2 14 10 10 1 8 9 15 7 2 10 5 14 14 7 3 3 0 8 8 
2 8 4 6 9 11 10 15 9 3 10 12 6 0 14 10 13 4 3 8 13 5 12 11 13 0 10 2 6 2 5 7 
0 12 3 13 9 6 0 12 5 2 14 10 15 0 8 15 1 5 3 1 11 13 10 2 0 9 11 6 12 11 7 13 
0 13 9 5 13 5 12 0 7 14 11 8 9 2 15 8 5 4 1 14 7 11 9 3 5 14 9 5 8 8 10 7 
11 4 3 3 12 15 3 1 2 10 15 10 0 13 9 14 9 14 8 14 11 11 0 6 5 10 6 12 15 11 7 10 
7 4 10 8 13 8 0 15 8 0 9 7 10 11 5 13 12 3 11 1 7 7 11 8 0 4 1 9 12 12 1 0 
0 1 11 8 12 5 2 4 0 12 4 7 4 5 9 12 11 0 4 3 10 3 6 2 6 14 13 3 6 12 8 11 
5 5 3 2 11 6 6 1 4 11 5 8 4 6 15 9 13 14 9 8 1 5 10 10 6 6 4 13 1 3 5 1 
