0 6 3 7 3 8 0 4 9 11 1 8 1 11 12 15 10 15 13 7 13 14 8 6 9 4 5 0 7 3 10 11 
10 4 8 7 10 10 10 3 4 10 13 1 8 13 13 5 1 4 11 14 6 7 1 2 6 11 11 15 7 2 5 1 
13 13 13 12 4 14 14 13 11 15 6 10 4 2 9 15 15 12 12 13 8 7 15 9 3 9 15 4 5 7 7 5 
15 1 5 0 0 13 10 12 10 4 14 2 0 6 15 12 0 6 12 2 11 4 2 14 0 8 13 14 1 7 9 4 
1 13 12 14 5 0 3 9 13 10 0 0 11 15 0 8 15 3 10 7 2 14 6 7 12 8 2 13 1 9 13 2 
7 9 12 5 1 13 9 8 6 14 6 11 1 10 4 9 15 5 10 4 4 4 11 2 1 0 3 5 10 8 4 11 
5 9 11 13 7 6 4 9 14 3 10 1 15 15 7 11 13 7 2 6 1 14 13 3 5 7 5 9 8 15 9 9 
10 3 8 14 3 8 3 0 11 6 1 15 1 2 12 5 8 9 13 4 5 9 12 8 6 5 9 1 15 6 13 10 
0 13 3 0 4 15 15 3 12 15 0 5 13 8 2 12 9 1 9 12 7 1 14 2 10 4 7 9 3 10 4 4 
5 5 7 3 14 6 2 14 9 0 1 12 7 6 12 13 14 4 0 3 12 9 13 12 14 5 9 5 8 12 7 3 
10 12 9 8 9 4 8 4 7 9 6 9 9 11 6 2 1 9 8 3 15 2 5 6 6 1 5 5 13 15 3 8 
15 8 8 2 12 14 5 8 15 14 1 7 4 12 6 9 11 7 12 9 6 3 14 8 0 2 8 0 3 12 11 7 
0 2 15 10 9 7 10 1 9 1 15 8 10 11 9 12 10 5 13 9 5 5 4 1 15 4 6 1 0 14 3 14 
