11 13 5 9 5 10 7 8 5 10 13 5 3 14 7 3 13 14 0 11 6 0 2 6 14 9 1 4 5 13 11 14 
15 8 11 5 3 5 8 4 15 11 8 13 9 12 14 11 0 11 12 7 9 15 7 10 13 5 15 2 1 10 13 15 
10 15 13 9 8 12 10 5 13 8 7 13 4 12 13 6 4 14 4 2 2 8 15 7 8 5 0 4 6 10 13 3 
7 12 12 6 14 0 11 2 12 15 8 0 12 7 7 9 3 8 14 6 11 13 13 6 12 12 10 10 11 1 12 13 
1 5 7 12 10 13 7 8 2 13 0 1 2 7 0 4 14 7 0 8 14 2 14 13 10 8 6 4 4 0 0 13 
3 13 8 3 6 7 0 7 14 9 11 13 12 0 13 0 13 11 10 6 3 8 4 8 13 7 8 0 14 4 6 4 
13 15 6 7 14 13 5 7 13 0 14 13 9 5 11 0 5 1 0 4 9 15 8 10 9 2 12 4 5 6 15 0 
7 11 2 7 3 14 14 4 14 7 11 14 8 11 10 4 9 8 12 7 8 3 13 0 10 12 13 4 2 0 9 2 
1 7 1 6 11 3 4 15 13 1 0 15 6 9 11 4 12 0 7 9 11 6 9 14 7 1 11 14 9 1 8 2 
10 5 14 6 15 15 1 4 6 10 6 0 11 3 6 6 2 7 6 7 1 11 8 12 3 9 10 2 3 6 8 3 
12 4 4 3 13 3 2 8 5 7 10 6 14 4 3 8 8 12 1 12 14 11 15 10 15 7 7 12 15 15 7 14 
2 10 14 2 8 9 7 9 14 2 9 10 12 3 7 12 13 11 9 3 14 4 0 4 8 15 2 12 6 6 15 14 
7 14 9 2 7 8 6 9 0 14 3 8 5 15 14 10 9 4 3 1 1 0 8 6 13 0 8 1 15 15 5 0 
