9 11 0 11 14 11 5 0 11 13 2 5 9 9 12 2 11 11 9 3 3 14 2 8 9 7 4 6 7 4 12 0 
8 3 6 15 2 6 8 10 14 15 2 7 9 9 5 15 6 0 12 7 9 1 14 3 6 9 8 15 5 1 15 0 
0 12 6 1 13 6 3 5 0 13 15 4 9 0 14 11 9 10 11 4 13 9 15 14 1 10 14 8 7 11 6 14 
4 9 7 3 3 11 1 4 6 5 9 12 0 5 8 9 1 8 7 10 2 5 6 4 5 4 9 14 6 10 8 4 
13 15 12 1 1 10 6 9 10 14 8 11 5 1 6 10 12 10 11 13 2 1 7 0 14 2 7 0 4 12 4 15 
8 6 7 5 6 13 13 0 12 15 6 9 15 7 7 3 13 9 11 15 14 14 11 3 2 5 7 14 6 2 9 12 
1 5 8 8 9 8 0 9 6 14 11 8 4 6 0 2 6 7 8 2 0 11 13 3 1 7 0 10 9 10 1 1 
3 3 6 7 2 5 6 3 5 7 0 7 4 10 14 5 1 14 10 2 4 13 8 6 5 5 12 0 11 6 11 14 
4 2 13 10 7 11 0 5 10 11 2 6 1 1 7 6 5 3 15 12 8 3 11 0 8 12 4 5 12 8 14 13 
15 6 6 1 1 7 8 7 0 8 4 8 5 9 11 8 11 0 15 3 8 0 7 6 15 1 2 5 9 5 4 6 
3 3 6 15 4 10 5 11 11 4 0 12 4 9 11 4 10 5 10 13 1 14 0 6 14 4 13 12 11 4 5 6 
11 5 8 11 11 12 0 3 3 13 14 3 7 13 12 0 12 14 0 3 1 14 13 7 13 6 6 10 1 8 1 11 
