13 11 6 2 15 7 4 10 5 9 6 14 10 1 5 8 8 8 3 0 2 3 9 13 15 13 1 7 12 9 14 10 
14 0 8 6 11 7 8 5 7 4 13 7 15 13 5 2 13 5 14 4 14 11 13 0 8 9 8 8 5 9 2 8 
4 11 1 13 15 14 13 7 2 13 14 3 11 9 1 2 11 0 9 7 1 11 14 2 0 0 0 1 0 0 10 4 
15 8 4 5 14 4 14 15 10 12 14 2 7 14 6 9 2 15 12 11 8 2 10 0 5 14 6 3 4 11 12 1 
4 4 0 1 15 15 5 11 0 10 8 13 9 4 6 10 6 13 7 11 5 7 3 8 3 2 1 2 11 13 13 10 
7 14 0 10 11 8 6 5 4 5 9 8 7 5 5 8 13 1 0 11 8 3 1 5 6 1 8 8 12 3 10 3 
13 10 0 12 13 2 5 8 1 6 6 2 7 9 3 10 11 15 13 3 12 14 11 8 1 13 4 10 12 13 1 14 
11 9 8 12 8 10 8 1 13 14 10 2 8 0 9 3 6 0 8 8 7 9 14 13 12 13 10 7 9 13 8 7 
9 1 3 6 12 15 15 10 14 4 5 4 7 0 8 3 15 2 13 14 10 3 10 6 2 10 7 14 8 3 15 7 
13 4 7 12 1 5 3 11 0 6 15 1 0 0 11 0 2 3 11 3 13 5 4 7 10 0 15 13 8 7 11 14 
14 2 15 6 2 1 1 13 14 5 12 1 13 12 5 11 10 4 14 2 15 11 14 1 6 14 6 11 12 11 2 12 
7 8 9 3 11 13 15 12 0 6 5 1 2 1 10 14 0 6 8 0 11 15 1 13 9 9 7 1 13 1 0 7 
