11 5 2 2 3 14 3 5 12 9 2 9 12 10 14 11 8 12 14 4 15 1 8 12 3 12 15 4 13 7 14 3 
0 13 11 2 5 12 3 1 3 10 5 9 10 14 11 5 3 12 5 13 3 12 7 6 9 8 4 14 14 6 6 9 
2 15 3 4 4 15 4 5 9 4 3 7 9 8 8 4 10 2 8 7 7 9 7 5 12 2 0 12 11 7 11 10 
9 8 1 5 8 5 9 8 5 8 0 6 13 5 3 11 10 1 4 4 3 6 15 3 0 8 4 10 13 8 12 4 
15 3 11 10 7 12 12 14 11 10 6 4 2 11 4 8 15 10 4 14 13 10 10 12 12 10 12 10 4 10 6 11 
5 7 12 3 7 1 3 11 0 3 9 11 1 11 13 6 2 12 13 7 15 5 3 13 0 0 0 0 2 1 3 1 
7 9 9 15 15 15 12 8 13 1 6 8 15 13 0 3 5 1 12 6 9 7 5 3 13 5 1 6 3 14 5 9 
6 1 12 4 6 9 6 11 3 10 10 13 0 1 7 10 14 15 4 5 15 10 1 0 6 6 14 2 0 8 15 8 
6 10 11 10 3 1 11 1 2 9 13 14 3 8 6 15 11 12 11 2 15 4 13 11 10 5 13 14 12 7 13 5 
5 12 8 2 3 4 13 11 3 4 3 1 3 7 13 14 9 3 1 14 9 6 0 2 2 5 14 12 3 4 15 1 
1 2 11 14 8 6 10 15 7 7 4 3 2 9 7 4 8 7 2 8 10 4 8 8 12 10 8 1 14 12 13 0 
