1 5 0 5 14 6 15 5 3 11 15 15 6 10 8 0 14 8 7 11 1 4 6 10 9 12 9 12 14 7 9 5 
4 4 4 14 5 14 12 14 1 5 15 15 0 7 8 13 5 10 5 0 9 8 11 5 12 1 0 3 5 10 0 9 
13 7 13 9 14 8 7 4 9 10 3 10 9 7 2 11 2 13 12 4 14 14 14 15 0 8 2 0 5 15 7 12 
3 4 4 15 2 11 10 0 14 6 8 12 8 14 3 8 7 4 2 1 1 1 1 6 8 10 4 15 6 14 15 0 
4 11 7 2 2 7 7 6 5 14 14 11 7 4 11 4 1 5 10 12 12 10 1 10 15 2 13 15 3 14 5 2 
13 10 12 3 3 0 14 12 7 5 10 5 15 14 10 15 10 8 10 15 3 9 6 1 14 8 8 5 4 2 15 7 
13 10 12 3 3 0 14 12 7 5 10 5 15 14 10 15 10 8 10 15 3 9 6 1 14 8 8 5 4 2 15 7 
1 8 8 14 1 15 9 1 12 8 0 14 1 5 4 12 7 13 2 3 13 4 1 15 2 1 15 8 9 2 8 11 
8 6 4 12 2 1 2 13 6 13 4 15 11 0 10 1 12 5 12 4 7 7 13 8 8 5 5 2 5 4 6 5 
9 4 12 12 12 1 13 0 0 12 1 10 1 13 5 1 14 5 7 13 10 1 7 2 0 1 13 5 2 4 13 5 
15 15 14 5 8 14 12 0 14 4 7 5 7 7 4 15 12 1 0 8 4 9 9 4 8 6 1 8 0 6 7 0 
6 1 13 13 5 10 13 6 2 15 6 15 0 6 8 5 10 11 7 12 10 3 15 11 1 12 11 14 2 11 3 4 
11 13 6 6 13 7 7 4 15 7 9 8 12 6 11 5 6 11 15 11 13 8 13 7 8 2 11 3 1 15 2 10 
15 6 1 15 0 5 1 11 2 2 9 12 10 8 9 10 13 7 5 15 8 6 0 14 13 1 0 10 7 3 15 13 
