0 10 1 13 15 4 13 13 11 14 11 14 2 15 13 6 14 10 9 3 4 11 1 13 1 4 9 15 12 0 12 8 
4 8 2 7 2 12 14 3 15 6 5 8 5 1 13 2 1 0 1 11 7 15 3 9 8 1 3 14 1 13 1 2 
15 6 4 10 5 6 12 13 1 8 11 5 9 9 4 6 7 14 13 4 2 1 12 6 10 7 12 9 12 14 4 7 
0 13 13 1 2 9 9 6 2 7 9 9 14 14 9 8 1 12 15 10 2 4 3 11 0 13 7 5 11 5 6 4 
6 7 11 0 5 8 3 10 12 9 0 6 1 8 7 6 13 1 6 3 11 6 8 7 11 11 8 11 14 13 10 15 
2 1 6 11 9 3 2 2 2 6 0 1 1 15 15 0 13 4 5 4 6 15 13 7 10 9 5 6 2 4 12 7 
9 13 14 0 14 2 8 4 2 2 3 12 5 15 6 7 6 15 0 1 14 5 1 10 0 4 14 7 3 15 9 11 
1 6 13 5 11 6 9 10 5 15 6 3 3 15 13 2 15 0 3 15 2 1 1 1 15 11 14 9 7 4 11 1 
9 13 8 12 15 2 14 9 13 13 9 6 14 7 4 0 13 1 3 12 6 14 9 15 0 15 9 4 8 2 3 13 
8 7 15 5 4 13 8 14 11 3 10 13 8 5 1 11 12 6 13 2 0 12 5 12 3 14 7 1 14 8 14 15 
3 12 6 15 4 0 10 4 15 13 2 11 4 6 1 11 12 9 7 6 9 15 13 3 14 6 14 6 4 1 15 0 
