3 5 13 0 7 11 0 9 10 9 15 14 15 2 5 11 7 13 0 14 7 2 6 8 13 3 9 4 0 6 5 0 
11 12 4 15 14 9 4 14 3 4 15 12 5 7 8 6 11 15 15 7 14 15 3 0 15 5 3 1 9 3 3 8 
13 3 13 4 5 7 5 4 8 1 6 10 11 2 1 6 8 11 15 0 9 11 5 15 10 11 15 0 9 14 3 0 
15 12 15 13 1 8 12 1 2 10 13 10 10 15 13 11 2 0 10 8 15 3 5 3 1 8 10 13 3 3 2 6 
7 0 10 5 4 7 7 15 1 3 4 8 13 8 13 11 7 0 3 13 14 4 2 3 13 6 1 5 1 6 1 0 
3 4 12 0 2 2 9 14 11 14 1 11 10 15 10 15 14 0 10 3 6 3 6 10 8 5 6 14 4 15 9 10 
4 14 4 1 5 11 8 7 13 13 1 2 3 4 1 0 2 1 9 10 14 0 5 8 2 0 8 8 7 6 14 6 
0 7 8 7 13 4 11 1 13 0 7 15 0 15 1 0 11 8 12 7 2 4 1 15 3 2 0 9 8 1 11 0 
13 8 8 5 1 12 12 4 4 2 8 0 7 6 7 13 8 12 11 6 6 12 5 15 15 2 2 10 7 1 14 12 
8 10 13 4 6 13 5 9 1 10 9 12 7 11 2 0 13 9 5 15 11 4 15 12 11 11 15 10 1 13 1 5 
5 1 1 10 2 0 0 15 2 2 9 1 14 5 3 8 14 15 8 10 7 2 14 1 1 2 7 2 3 3 11 10 
11 12 0 11 8 7 15 3 3 0 4 10 14 13 2 10 15 1 9 10 5 13 2 13 1 5 12 3 15 11 0 15 
8 3 10 13 6 10 10 0 5 2 13 4 8 5 13 14 1 4 1 10 15 12 12 5 8 0 15 2 5 2 0 11 
