2 10 13 5 4 2 2 10 3 11 14 10 5 15 6 1 4 13 13 15 14 5 0 3 10 3 10 14 8 14 5 5 
10 3 15 4 10 15 6 11 5 7 1 13 10 13 5 2 8 0 13 1 14 2 7 5 2 1 11 4 7 14 10 13 
11 15 1 13 12 13 11 13 11 5 11 9 12 0 4 0 14 0 15 1 10 9 9 8 3 0 13 9 15 3 14 3 
0 10 10 4 9 1 13 0 7 5 15 6 3 7 10 14 4 11 11 0 5 13 5 10 7 13 7 8 9 5 3 5 
4 15 13 4 5 9 14 9 6 14 1 3 6 0 11 9 12 10 12 0 6 8 11 4 10 12 12 5 10 1 15 6 
8 11 14 11 3 3 1 13 0 9 9 12 1 0 5 8 4 11 3 15 5 7 1 2 12 8 11 6 1 5 0 3 
1 4 5 5 0 14 5 3 4 3 12 3 12 6 0 6 14 7 12 5 3 8 0 14 12 6 6 11 10 11 13 3 
9 13 9 14 15 4 13 4 4 9 8 6 3 8 3 14 5 2 0 3 10 1 0 8 14 6 4 3 13 15 3 6 
12 4 8 1 12 8 8 12 0 11 14 3 11 6 5 5 12 13 9 13 6 15 15 9 5 3 7 14 1 8 15 0 
6 10 9 5 7 14 2 0 2 5 7 7 12 0 14 12 13 13 11 4 14 5 8 15 10 2 15 4 3 5 8 2 
0 7 0 7 14 1 6 7 3 14 3 0 9 2 12 8 4 8 12 9 9 0 15 11 7 13 2 1 4 10 11 5 
9 6 0 6 1 7 1 11 4 15 12 15 13 8 5 2 8 13 0 8 8 8 13 12 7 6 11 8 0 13 12 1 
