6 11 14 2 12 15 5 10 12 3 3 12 8 6 4 11 2 14 5 5 13 5 15 0 3 0 15 1 2 5 7 8 
3 11 5 4 13 4 5 9 10 7 13 5 0 3 14 11 15 6 8 13 11 0 3 14 6 14 6 10 0 12 11 1 
12 6 12 4 5 6 0 14 6 15 4 12 1 12 10 8 8 5 5 5 8 0 8 15 13 5 1 14 6 6 2 1 
9 14 12 10 5 3 6 15 0 3 13 5 0 2 12 12 15 4 1 15 2 15 13 15 14 15 0 8 1 2 2 5 
10 6 1 10 0 3 15 12 11 4 2 13 7 0 12 10 2 15 12 1 3 13 11 4 4 7 10 14 10 6 6 1 
8 11 0 3 9 5 13 13 9 2 0 8 8 6 3 15 11 12 15 1 15 15 1 8 6 1 10 3 4 8 0 8 
1 8 13 7 1 11 10 12 7 11 7 3 3 12 10 9 8 13 5 4 9 13 6 5 10 4 3 0 1 1 15 9 
6 2 13 2 14 11 13 11 1 9 1 11 6 14 11 5 14 15 15 12 5 6 13 7 10 2 12 14 0 4 13 6 
15 11 6 14 1 5 8 6 6 5 3 5 2 4 1 14 6 12 12 15 14 11 2 3 15 14 2 8 3 8 1 7 
13 7 12 0 5 1 8 5 8 5 0 0 9 7 5 11 11 9 2 13 10 4 12 9 14 2 4 8 7 9 4 7 
13 8 9 7 9 1 12 7 7 4 3 6 7 14 4 12 13 13 5 10 14 1 12 9 10 9 3 4 15 6 9 6 
