15 13 6 3 13 14 8 9 0 15 8 10 11 14 13 13 3 4 3 8 0 5 13 14 1 6 3 15 13 1 15 13 
0 0 11 9 9 7 14 4 9 15 2 10 7 6 12 13 5 1 11 5 15 1 12 7 3 10 12 11 3 3 5 11 
4 9 15 3 13 6 11 0 0 15 9 1 15 7 15 4 8 0 9 2 7 15 11 13 15 12 0 9 14 10 1 8 
13 14 6 0 1 4 2 10 5 1 3 14 5 3 10 11 9 5 3 4 4 15 2 2 0 3 8 1 6 10 14 3 
3 2 10 6 5 14 10 2 9 0 11 8 15 13 9 5 13 1 9 10 1 11 8 0 9 1 6 3 5 9 11 4 
7 11 7 10 15 4 13 6 8 10 14 7 3 7 7 6 2 15 11 2 15 11 8 7 14 3 1 6 11 9 0 9 
10 8 2 0 10 8 2 14 8 2 1 15 14 5 4 12 14 9 14 8 9 11 7 1 3 13 7 15 5 8 1 6 
11 4 1 8 8 10 8 12 3 2 7 7 7 15 7 9 0 8 15 9 0 12 6 14 1 5 3 4 0 3 0 7 
11 15 8 14 3 9 6 15 12 2 2 15 0 4 15 8 7 10 1 2 8 8 12 2 8 14 0 14 7 15 15 13 
12 2 5 4 4 5 7 8 7 12 2 15 0 15 3 15 9 0 8 9 10 2 15 12 0 9 2 7 11 12 12 3 
10 5 4 5 2 8 10 2 7 14 5 1 6 0 2 8 5 13 10 5 9 9 7 13 11 15 9 3 5 10 3 12 
8 0 10 9 6 8 0 9 2 2 13 2 15 4 15 0 7 14 3 10 5 13 11 15 14 14 2 7 9 8 1 3 
13 14 7 1 9 3 10 1 10 0 2 8 9 6 11 4 3 1 12 6 12 15 1 0 7 14 9 5 7 11 6 11 
