5 11 10 14 9 14 7 15 1 15 3 3 2 7 1 3 14 5 14 0 0 7 7 4 10 2 3 6 7 11 3 10 
0 15 5 4 12 14 12 13 5 10 3 15 8 12 1 9 6 4 14 15 8 15 12 12 12 9 7 10 12 2 7 6 
12 2 7 6 11 12 11 14 6 7 14 12 0 12 2 2 11 9 15 15 2 15 14 1 15 14 3 11 8 8 8 6 
2 6 12 12 6 0 6 8 0 4 0 15 10 8 5 5 1 4 14 4 10 14 14 12 14 3 12 6 6 10 0 9 
4 15 3 12 13 14 12 8 10 14 10 8 12 8 14 8 8 3 15 10 15 9 2 7 12 4 4 2 14 8 13 9 
15 2 12 15 11 9 12 0 10 3 11 9 0 4 10 2 7 4 14 13 13 0 12 5 0 4 14 9 3 9 8 14 
12 7 7 11 13 10 13 8 10 1 10 4 1 5 0 14 0 9 15 1 6 5 13 5 13 6 14 14 2 11 7 13 
5 4 5 7 7 15 14 2 7 13 0 3 4 13 13 12 14 6 5 0 12 7 3 2 4 12 1 7 9 14 5 7 
6 5 3 6 14 9 7 3 14 10 5 3 3 7 12 8 11 8 2 9 0 2 7 6 10 1 1 7 7 5 6 13 
11 13 7 3 13 0 8 15 9 10 12 12 0 14 1 3 8 10 2 7 3 12 6 14 7 7 1 5 8 8 9 15 
12 15 14 15 1 7 7 2 11 9 13 11 0 10 7 6 0 2 15 7 2 15 1 13 11 5 8 1 6 7 6 9 
