1 10 14 12 7 11 15 7 11 14 8 8 1 6 4 11 1 3 9 15 4 8 0 1 3 10 14 2 14 10 0 10 
6 0 0 8 15 5 12 14 10 2 0 11 1 12 8 6 12 8 11 2 9 13 7 13 1 11 10 5 3 14 8 8 
7 6 0 1 13 4 7 9 1 10 14 5 1 8 6 10 1 10 0 10 5 14 3 14 14 2 9 15 12 10 1 12 
12 15 0 12 1 8 6 15 2 6 2 3 12 0 3 0 14 12 3 13 1 9 7 0 13 7 7 2 4 14 0 0 
1 13 10 2 10 0 13 9 7 10 4 13 15 3 11 0 9 4 15 7 3 11 12 15 13 4 1 11 4 5 14 10 
11 1 5 12 11 0 3 10 7 12 9 6 11 9 4 2 0 6 15 14 12 14 15 3 2 15 5 4 0 8 9 0 
6 3 13 8 14 5 2 2 5 2 14 3 7 13 15 12 5 3 3 14 7 13 14 7 9 9 14 11 4 5 2 14 
7 14 13 3 4 6 8 4 14 9 9 1 4 15 0 5 9 5 12 11 9 8 9 14 4 6 11 2 6 10 12 13 
3 10 0 7 11 6 14 13 1 6 11 11 1 0 6 4 14 14 2 8 10 12 0 4 4 12 14 0 7 0 6 15 
3 7 9 6 8 5 10 8 8 7 7 8 9 3 7 12 11 5 0 5 4 13 3 6 11 5 2 7 8 4 2 7 
1 8 15 11 13 5 13 9 12 13 1 13 9 3 4 1 10 15 3 8 8 8 1 10 5 12 10 11 15 2 0 13 
