3 3 3 7 9 12 11 4 11 0 4 15 12 4 13 9 4 4 11 10 13 15 7 1 14 2 5 8 6 12 10 10 
2 8 10 10 7 0 14 9 7 5 15 3 7 7 10 1 13 13 5 1 3 14 1 9 13 1 9 0 11 11 6 5 
9 7 2 7 14 14 10 1 11 9 13 1 15 1 6 8 13 1 1 13 13 6 9 15 15 11 7 15 2 3 0 1 
5 3 9 10 14 6 3 10 7 4 5 1 2 9 3 10 12 10 9 11 6 9 7 6 6 8 11 5 15 14 10 10 
13 15 3 10 5 11 1 7 1 6 0 10 1 11 3 13 15 2 6 14 4 9 15 10 4 11 1 7 12 13 10 13 
10 13 8 15 12 12 13 6 4 12 14 11 5 7 14 3 1 3 10 8 10 12 6 0 5 11 0 3 15 4 13 8 
7 9 12 15 0 0 8 12 13 2 6 6 13 7 10 7 2 4 2 9 11 2 13 14 11 11 11 10 5 13 5 10 
13 7 9 0 7 10 11 9 10 10 11 15 8 15 9 12 6 3 10 15 12 3 11 1 2 2 15 4 0 3 4 9 
3 5 13 4 15 8 4 11 2 10 4 14 9 0 13 14 4 7 1 1 12 4 14 1 4 12 5 5 6 5 11 3 
4 4 2 12 8 11 15 11 6 4 13 4 3 5 4 0 3 3 8 9 8 10 13 8 0 3 7 3 11 0 10 8 
4 7 1 7 15 11 13 7 12 11 5 0 13 1 11 1 12 13 5 15 3 8 3 2 10 15 5 5 5 6 10 15 
0 10 15 14 3 10 2 10 5 10 6 10 3 12 6 4 11 13 10 10 7 14 10 5 0 10 10 10 0 14 0 12 
8 7 5 12 2 14 2 1 9 12 12 11 15 13 5 2 13 6 13 11 12 15 8 2 13 9 3 5 3 9 3 15 
