5 11 3 5 13 14 13 1 0 15 6 7 8 11 14 12 15 12 1 14 12 0 12 13 13 5 12 0 9 5 5 10 
14 7 11 4 8 15 4 1 4 8 7 10 11 2 7 5 9 7 15 11 13 7 9 6 11 12 4 0 11 13 1 13 
9 3 10 2 9 7 0 11 13 7 14 5 9 3 14 5 11 7 3 6 9 9 6 15 5 6 8 4 11 10 3 4 
9 3 10 2 9 7 0 11 13 7 14 5 9 3 14 5 11 7 3 6 9 9 6 15 5 6 8 4 11 10 3 4 
14 10 12 8 11 11 2 11 5 15 3 15 3 15 13 4 4 12 4 7 9 10 15 5 4 9 12 15 8 10 0 14 
7 5 10 1 13 4 15 1 8 15 5 14 15 10 1 5 3 14 7 12 12 6 10 10 14 14 5 14 8 12 0 7 
13 7 5 12 14 15 5 0 0 12 6 13 15 14 5 8 6 5 12 3 7 11 4 4 14 11 0 1 2 0 0 15 
11 7 8 5 1 11 2 13 11 11 13 8 7 2 5 5 0 6 6 6 10 11 8 0 5 4 2 9 5 13 5 1 
9 12 9 10 11 4 6 6 2 10 9 10 11 2 6 1 14 5 3 6 7 3 12 2 2 8 0 2 7 13 12 3 
14 3 7 2 2 2 8 9 2 15 6 10 13 0 15 12 2 4 15 14 12 10 8 2 9 5 2 1 10 15 13 9 
4 3 9 9 13 11 15 0 2 10 8 4 1 8 10 13 14 6 13 12 10 7 7 2 12 13 12 1 11 5 3 15 
5 13 12 5 5 0 1 3 0 2 4 0 1 6 11 13 6 0 12 14 14 2 7 6 9 5 14 5 0 9 5 10 
6 0 0 14 11 10 2 5 15 8 10 3 4 4 8 1 4 0 9 9 1 7 2 6 0 2 1 4 0 1 12 14 
8 6 13 12 2 2 13 1 11 6 13 2 0 1 1 14 14 12 4 2 7 11 2 9 0 12 9 2 6 4 13 5 
