12 6 4 5 14 5 3 8 8 2 10 12 0 4 11 2 3 12 0 3 0 12 13 14 3 2 14 10 11 3 6 12 
9 10 13 3 4 15 0 15 13 9 1 8 12 7 2 13 2 1 5 7 0 2 1 9 15 4 11 6 4 13 3 6 
10 8 9 15 7 1 4 2 7 14 2 10 0 14 0 2 11 8 4 14 5 4 5 10 10 10 7 0 5 10 1 4 
6 6 0 2 10 0 7 11 6 6 2 5 5 12 14 15 12 6 11 10 1 5 15 14 1 8 9 13 9 7 13 10 
12 10 0 9 14 4 6 11 6 14 4 5 11 8 14 15 10 10 6 8 9 6 3 8 9 12 14 13 5 7 4 12 
2 13 3 11 7 10 3 9 11 9 0 15 10 13 7 8 5 10 3 10 12 0 0 2 1 14 5 14 6 10 10 4 
0 13 2 0 1 0 3 13 2 14 13 5 1 10 10 11 13 6 4 15 7 12 9 2 14 15 11 0 13 0 5 7 
5 7 11 14 8 1 4 3 7 1 1 2 4 11 5 8 13 1 0 1 5 14 0 11 7 9 12 6 5 5 10 1 
2 3 13 10 12 0 11 13 0 10 3 12 15 2 12 13 6 0 10 10 14 4 3 14 15 0 4 5 4 9 6 9 
9 0 6 3 3 4 1 6 12 6 15 4 9 14 13 14 6 12 6 5 4 10 13 9 15 14 13 0 4 3 14 2 
9 10 11 11 3 0 15 6 12 7 7 5 0 10 14 14 3 1 5 14 1 1 1 7 7 9 0 0 8 3 4 7 
15 8 7 4 10 2 9 3 0 13 12 14 7 7 1 3 7 2 9 6 0 1 12 8 6 14 7 14 3 9 8 12 
9 7 3 5 14 13 10 6 11 5 9 4 15 2 5 15 10 15 6 11 10 1 14 6 5 9 4 13 11 2 5 10 
