6 8 9 8 13 2 15 2 9 6 1 14 15 12 4 9 13 3 8 3 8 6 4 12 3 3 1 1 11 15 13 6 
13 4 10 2 8 14 5 6 3 8 3 9 4 4 10 13 0 0 5 6 12 13 13 14 2 5 4 9 8 12 9 5 
14 0 10 7 8 4 15 6 2 13 3 3 13 3 0 12 10 2 9 10 1 1 1 15 5 10 11 3 7 2 9 2 
9 5 2 14 14 5 14 5 14 7 3 13 5 14 15 4 9 13 15 13 3 4 13 5 2 5 2 13 3 0 7 15 
11 14 2 8 15 4 6 4 12 5 15 15 13 15 15 11 7 5 11 5 5 10 11 2 6 15 1 15 1 11 6 1 
2 1 13 7 4 8 15 15 7 6 6 15 3 7 15 15 5 13 4 1 6 1 4 6 3 11 8 13 4 10 7 2 
8 8 14 10 15 7 5 1 9 12 4 4 15 15 6 6 14 12 4 8 8 6 8 7 15 6 0 6 14 6 9 0 
15 1 11 5 11 8 14 13 15 11 10 7 4 8 9 11 10 12 14 2 2 2 8 6 2 8 11 3 8 13 9 8 
6 0 11 6 7 14 9 6 15 6 12 1 5 5 7 10 15 14 5 6 3 4 14 0 3 7 14 14 7 4 8 14 
14 7 15 0 6 14 9 5 12 9 5 2 7 13 11 4 1 5 4 2 10 6 4 3 1 3 12 15 12 14 11 11 
7 14 5 15 3 15 10 12 9 8 12 7 8 11 5 2 3 15 5 5 2 10 13 3 6 8 12 7 7 1 0 12 
