10 0 8 9 7 0 13 2 6 5 5 5 10 15 12 1 7 2 10 12 14 12 6 11 4 2 14 6 4 13 0 7 
11 9 4 3 15 1 6 13 0 2 10 11 2 10 8 1 11 15 3 11 10 10 5 12 12 12 13 9 8 8 8 0 
0 2 10 7 7 10 12 2 13 11 0 4 5 4 10 5 7 12 14 5 1 15 10 10 3 4 3 1 3 9 9 7 
6 6 0 12 6 0 0 13 7 1 3 3 4 5 14 11 9 0 0 8 15 5 8 4 13 9 12 14 8 1 6 8 
14 6 9 9 2 7 14 6 1 7 15 1 5 2 15 15 14 5 5 10 6 3 3 1 11 4 10 5 14 10 12 7 
5 15 11 0 15 0 7 8 13 5 1 15 11 7 15 8 3 10 7 7 7 11 3 5 5 12 2 3 0 5 5 2 
6 15 10 15 4 11 3 12 5 0 8 2 14 15 11 13 15 12 10 15 7 12 14 9 8 0 2 13 12 11 13 7 
6 12 2 15 2 11 12 5 5 6 1 5 8 13 12 11 5 9 8 6 5 6 3 15 8 14 10 12 7 8 0 0 
10 12 1 14 12 0 9 12 12 5 4 15 3 2 8 5 6 3 14 14 11 10 12 14 11 1 0 15 5 15 9 2 
3 4 10 10 13 2 0 7 6 5 14 13 7 12 2 7 8 5 9 8 12 8 14 3 4 0 2 5 10 5 2 13 
9 8 15 9 14 1 13 13 0 8 8 13 12 13 15 15 10 8 0 6 4 10 5 12 11 8 9 4 9 10 6 13 
