11 6 4 15 8 0 2 7 8 0 9 8 0 9 15 0 10 5 4 4 13 7 13 4 11 12 11 9 1 0 7 15 
3 6 0 4 1 4 3 8 11 2 1 14 15 5 4 13 2 12 13 13 11 1 2 5 6 9 11 6 13 10 1 7 
11 12 13 3 4 8 13 3 3 4 1 4 12 10 5 6 5 13 1 15 10 15 7 2 15 9 11 13 10 14 10 10 
14 7 8 15 12 4 8 8 0 4 15 9 2 8 0 14 1 7 13 9 8 6 0 13 0 4 5 2 6 6 2 2 
13 8 1 5 6 10 14 0 6 15 10 11 0 3 7 10 12 5 11 11 11 5 14 1 11 12 1 14 15 12 9 11 
15 2 0 14 6 11 8 9 5 4 11 12 4 0 11 3 3 3 15 1 6 7 4 6 3 8 0 5 1 15 8 12 
10 3 12 12 4 0 4 12 0 1 12 11 14 14 9 0 6 10 4 12 12 4 1 13 5 12 2 15 8 2 12 5 
13 13 14 9 14 14 15 12 5 11 9 7 0 7 11 9 2 1 0 6 11 8 14 12 10 9 4 5 5 5 6 15 
14 4 3 7 14 15 7 0 3 14 7 3 14 3 8 5 15 0 6 12 2 5 4 15 2 3 15 0 5 8 13 11 
3 1 15 15 2 7 13 6 7 4 14 9 15 0 14 5 0 5 0 0 8 12 5 11 4 7 1 14 4 10 6 0 
11 1 2 12 4 14 13 10 11 15 10 3 8 14 15 6 13 4 10 7 15 10 3 15 2 9 1 9 5 4 9 4 
7 0 2 8 2 2 4 0 14 14 2 7 2 10 5 10 5 15 1 3 1 0 13 10 11 15 10 7 3 2 14 5 
12 7 11 4 11 10 1 9 11 8 3 11 3 14 6 13 10 11 6 12 10 1 4 10 0 5 4 11 10 1 10 8 
