11 9 11 5 5 3 8 2 10 4 15 5 9 7 1 2 3 13 4 4 3 5 3 4 15 5 10 12 6 5 3 7 
6 1 2 12 7 9 13 15 15 4 10 11 11 0 5 0 15 4 14 1 12 8 3 0 8 4 15 5 11 15 11 10 
8 0 11 12 3 12 5 9 3 6 7 0 7 6 10 10 0 15 10 15 8 5 0 3 8 5 7 9 13 10 1 0 
10 11 9 11 4 0 9 11 4 1 7 1 8 7 7 4 9 15 5 9 7 4 15 15 5 1 4 14 2 9 13 4 
0 5 0 2 7 15 9 14 15 3 2 5 12 14 4 7 15 14 14 0 4 14 7 5 7 9 8 12 11 7 12 6 
13 13 9 2 3 3 2 7 1 5 8 8 13 4 14 8 15 6 11 11 13 6 10 5 11 15 10 9 15 10 13 8 
8 3 7 3 4 12 12 14 4 7 1 9 6 5 9 13 1 11 8 7 7 5 9 4 12 14 0 10 3 7 5 15 
9 3 14 0 1 6 8 0 2 15 11 10 3 11 5 15 14 5 5 13 1 8 1 12 0 5 6 13 8 15 14 8 
11 0 15 1 12 0 13 13 0 10 11 0 1 7 6 2 15 10 13 13 11 14 7 2 6 10 2 6 12 11 6 1 
9 0 4 11 6 9 3 14 7 3 1 2 8 11 15 5 1 8 12 4 4 1 6 6 4 1 6 9 8 10 15 10 
12 14 1 14 9 2 6 5 14 5 12 13 15 1 15 9 12 6 12 3 14 14 1 13 8 10 7 11 1 4 13 5 
15 11 15 14 3 15 13 6 12 11 1 10 15 13 4 2 10 9 5 4 13 12 11 15 0 8 1 0 11 1 0 6 
12 13 12 8 6 10 8 7 11 6 4 10 12 9 7 12 8 0 13 15 4 12 10 14 9 8 10 14 3 1 11 6 
