8 3 9 9 4 12 0 5 12 9 4 5 12 0 13 7 13 5 15 4 14 7 7 12 6 3 5 13 6 7 12 8 
13 9 4 1 14 1 13 1 10 0 15 15 2 12 8 1 0 3 4 11 14 10 15 1 15 15 3 1 10 13 13 14 
3 9 6 0 5 13 6 8 3 11 12 15 3 6 9 2 4 1 2 11 0 7 11 15 4 4 5 11 7 5 2 4 
1 12 8 0 9 2 8 9 11 7 2 3 13 9 7 4 9 5 3 3 4 9 13 7 9 5 12 3 3 2 15 6 
7 4 0 14 11 10 9 7 12 10 13 4 15 14 9 7 10 8 4 1 0 12 15 1 8 15 9 5 12 7 10 7 
9 0 7 3 11 13 12 7 4 11 11 7 4 9 1 2 15 9 6 2 13 8 9 12 5 15 2 15 12 3 13 2 
15 0 5 2 14 13 6 13 0 11 10 5 7 6 11 8 13 8 10 6 13 4 6 2 3 15 15 10 0 0 8 5 
1 4 3 8 8 5 4 1 5 15 11 8 10 3 4 15 13 11 9 7 6 6 4 9 8 6 2 2 2 15 1 15 
9 8 12 8 10 3 15 5 14 6 14 2 1 2 3 2 0 4 13 13 7 6 7 5 14 14 4 11 5 11 6 8 
1 7 13 9 4 2 11 6 14 8 3 8 2 0 12 2 14 15 10 9 8 6 13 10 15 11 9 11 13 2 11 5 
2 0 13 8 3 11 4 15 0 0 4 11 14 9 14 5 7 0 5 0 14 6 11 8 4 11 8 8 0 14 4 0 
1 0 15 9 15 9 11 2 7 12 5 7 9 2 5 14 7 13 14 3 5 13 0 6 8 4 13 1 5 6 11 5 
13 15 10 15 8 11 12 15 1 12 14 11 5 11 8 0 7 7 8 6 15 10 5 9 3 13 12 0 5 10 3 5 
