0 1 0 5 9 8 6 2 14 5 11 8 15 4 7 8 11 12 12 7 11 14 7 10 7 14 12 1 9 12 14 11 
6 13 7 14 8 11 4 10 0 10 0 12 8 6 12 1 4 6 3 4 12 2 8 0 11 9 15 14 3 0 10 12 
7 6 2 11 9 6 9 15 7 3 10 5 15 3 14 4 1 12 2 10 10 14 8 4 5 14 15 12 0 5 6 8 
12 3 13 8 4 6 13 9 7 15 15 12 13 7 15 3 5 2 1 4 3 6 4 2 1 6 11 5 8 15 13 3 
8 1 3 0 1 13 8 4 6 12 2 5 0 15 6 8 3 10 9 13 9 13 6 1 2 7 14 10 5 12 2 14 
9 13 1 10 7 1 8 11 0 9 12 11 4 0 13 14 14 7 1 12 9 15 5 0 11 4 6 1 5 2 2 10 
15 7 15 10 14 12 10 8 0 14 13 3 6 5 3 11 5 4 9 15 9 11 5 7 0 14 6 10 11 1 15 9 
1 12 6 5 15 10 0 12 11 15 2 2 0 3 11 8 0 6 13 3 2 4 15 5 10 4 0 8 5 1 7 15 
5 15 15 0 13 6 4 9 1 15 2 6 3 8 11 5 1 0 11 10 6 11 0 15 0 9 14 2 15 5 8 5 
5 7 10 14 0 9 15 5 14 0 11 2 1 2 8 1 2 2 10 14 13 6 10 11 6 6 13 7 1 11 0 13 
10 7 13 9 4 2 8 2 15 6 0 2 13 14 15 1 2 14 13 6 11 6 14 2 15 7 3 2 15 5 6 12 
13 6 11 2 7 0 1 0 5 3 11 4 6 6 8 15 4 14 9 11 1 1 0 8 0 11 12 13 5 12 15 5 
15 13 10 7 0 2 8 5 12 11 14 10 12 9 12 1 8 3 3 10 5 15 10 5 15 4 2 5 4 5 10 8 
