3 13 11 4 2 11 1 1 0 6 5 9 5 5 15 11 1 6 8 1 12 7 5 3 9 14 0 12 13 11 3 6 
10 15 10 14 13 6 3 14 7 6 9 4 11 8 1 3 13 12 5 2 10 11 2 15 1 15 13 8 14 1 11 11 
8 3 14 15 15 3 13 3 14 11 10 7 15 10 13 12 15 14 5 0 5 6 2 9 2 7 2 0 14 15 7 11 
2 13 6 12 7 5 0 8 14 12 0 12 2 15 12 12 4 14 7 14 10 6 11 6 11 14 9 9 3 12 11 9 
7 5 4 8 15 2 8 3 13 6 15 8 9 0 14 0 12 12 13 11 6 5 9 4 5 9 11 13 0 7 3 6 
3 13 4 2 6 7 13 12 12 5 12 5 13 1 13 14 9 4 15 1 0 3 12 10 4 5 0 8 8 11 15 13 
8 3 1 14 6 2 8 6 0 15 1 2 4 11 11 8 5 9 12 9 8 2 2 7 11 10 13 5 15 5 13 7 
8 4 8 0 15 0 6 1 0 7 15 9 11 14 11 15 1 12 15 2 2 11 15 8 0 1 0 0 4 7 0 15 
2 5 7 15 11 15 12 9 9 10 3 2 12 5 8 12 7 9 14 2 7 10 2 9 7 6 9 13 14 6 10 9 
2 4 11 1 14 8 1 2 7 9 5 2 14 13 3 3 5 4 2 15 12 15 4 11 6 5 9 6 13 4 13 12 
13 11 15 5 13 14 4 7 4 9 10 15 11 1 4 3 1 8 6 10 14 11 9 7 12 1 4 6 1 8 5 11 
9 11 0 5 14 10 1 14 13 14 13 0 14 3 14 2 1 6 4 0 7 11 1 13 10 9 0 3 7 6 14 6 
12 13 11 9 1 7 6 11 0 13 13 6 10 15 0 0 6 15 8 9 0 7 8 6 12 15 6 8 1 12 13 12 
