10 2 10 10 0 6 2 0 10 1 11 13 3 3 0 13 9 4 0 0 0 7 2 9 2 7 3 13 9 7 10 6 
0 12 5 11 9 7 7 8 5 14 2 1 11 7 5 9 3 15 5 9 15 2 11 6 8 13 1 13 3 0 9 12 
7 0 8 10 1 11 5 5 14 15 3 8 11 15 9 13 10 7 12 4 12 0 0 4 9 15 0 6 0 7 10 14 
2 11 1 12 3 12 2 8 2 5 4 9 14 4 0 1 2 8 11 9 2 15 10 3 6 15 10 12 8 12 1 5 
14 9 2 9 14 7 11 9 1 13 5 12 9 12 0 8 13 11 3 8 6 9 12 11 5 5 10 0 6 0 5 12 
0 7 5 15 10 15 11 7 6 4 6 6 15 7 14 0 12 3 3 4 13 8 14 15 4 15 1 6 11 8 14 4 
9 9 7 6 12 5 2 1 9 14 7 12 13 2 15 8 11 8 15 6 11 3 14 4 4 13 11 15 13 0 4 3 
2 15 4 12 12 2 8 12 1 12 14 8 11 14 10 9 7 0 2 14 2 9 10 12 2 2 11 14 12 2 14 14 
14 4 2 9 3 9 8 11 0 8 14 11 9 10 9 13 2 6 8 2 1 15 12 0 5 9 0 3 10 0 2 9 
0 5 0 2 12 6 2 0 5 6 1 0 6 11 8 1 13 4 11 6 12 4 5 5 3 14 15 10 1 5 9 15 
12 8 14 12 1 1 7 9 13 15 5 1 7 12 3 6 10 0 1 6 14 12 12 6 4 10 11 4 5 9 14 9 
3 4 8 2 5 2 4 15 12 12 7 8 14 6 12 6 4 11 0 4 6 11 6 2 1 11 6 8 13 7 1 12 
