5 5 12 8 8 3 4 1 2 10 15 2 2 12 10 14 5 9 0 11 2 3 4 0 11 2 13 1 14 6 0 5 
0 0 4 15 11 8 8 4 6 8 15 7 8 2 14 1 11 14 8 7 13 13 3 12 11 14 11 9 11 0 7 15 
10 2 3 15 5 12 14 11 15 10 4 10 13 11 7 0 11 15 7 7 15 7 8 3 13 7 1 10 3 3 7 10 
15 11 5 13 5 2 9 14 1 9 3 0 15 15 1 2 11 11 9 1 11 13 1 4 2 5 6 8 3 15 1 4 
8 11 1 0 6 12 5 10 3 0 6 13 12 10 8 6 3 0 3 7 15 2 2 1 9 5 4 4 1 4 15 13 
4 13 5 13 14 4 15 12 3 12 15 7 0 11 5 7 0 9 6 11 1 14 9 2 0 12 8 13 15 3 2 15 
5 13 13 6 2 12 6 7 0 0 12 1 7 0 4 10 10 9 8 0 1 15 3 5 2 9 8 0 10 11 14 4 
3 2 9 0 9 11 3 6 12 4 7 13 9 2 5 11 6 12 8 2 15 13 4 0 9 12 10 9 13 7 14 14 
5 9 13 8 14 13 13 3 3 8 13 9 6 10 2 4 9 0 3 1 13 9 3 1 11 10 10 7 7 11 11 9 
9 13 9 1 13 6 15 3 11 4 3 13 9 4 15 2 6 7 13 2 4 7 0 10 1 12 5 13 15 7 8 7 
0 12 7 12 6 2 0 8 5 3 4 13 12 5 7 8 5 7 13 14 4 13 13 10 10 7 3 1 3 0 0 5 
8 14 10 6 8 10 14 15 3 4 14 8 14 9 12 14 4 0 15 1 8 1 10 12 4 3 15 0 4 11 5 14 
12 5 9 8 1 3 10 9 8 3 1 9 3 2 3 7 1 15 0 11 9 6 4 13 9 13 15 12 14 14 15 10 
