1 8 12 10 1 0 9 15 7 11 3 12 8 1 5 1 5 1 5 14 5 3 2 14 2 14 13 6 13 15 1 12 
13 15 8 2 11 13 1 11 5 14 9 5 0 9 14 4 7 15 3 5 2 8 7 15 7 4 12 13 4 5 15 4 
0 15 8 2 5 8 9 4 10 4 0 12 14 1 15 6 0 7 0 10 9 1 5 8 14 12 8 4 15 12 14 5 
15 7 10 9 5 1 1 8 15 9 8 5 14 11 13 1 14 15 9 13 1 1 12 15 13 11 14 4 11 15 4 13 
6 15 3 11 14 11 2 12 4 15 14 8 3 8 8 10 3 0 9 14 5 13 13 1 2 15 9 15 12 14 7 3 
3 1 4 7 10 13 1 12 2 14 12 3 5 13 13 0 15 10 9 8 4 7 13 6 0 3 14 9 15 13 6 6 
7 1 5 0 13 14 2 5 9 5 2 6 3 2 12 11 0 14 7 2 9 8 4 0 2 8 4 12 8 1 5 6 
2 5 1 2 7 0 7 9 13 9 9 6 15 8 8 11 13 0 9 3 11 11 4 9 9 11 7 1 5 13 11 3 
6 12 11 7 1 12 10 2 9 9 15 10 14 15 11 9 9 2 5 7 13 2 3 2 9 15 13 9 12 1 11 8 
13 11 1 8 4 12 12 4 10 8 11 13 9 12 0 6 13 13 1 13 2 6 5 9 12 9 12 9 6 10 14 3 
8 11 9 0 14 9 15 1 7 3 3 11 0 0 5 11 9 12 2 5 3 15 1 9 5 10 6 11 3 12 14 2 
14 5 11 13 6 5 15 3 12 2 15 3 6 1 8 6 12 6 4 8 3 12 3 7 13 10 15 11 9 3 14 9 
14 3 10 6 10 15 14 0 14 11 5 8 8 9 1 13 11 6 2 12 5 14 8 0 2 7 7 8 9 1 8 4 
