11 1 2 10 7 0 14 2 8 10 13 2 1 11 15 5 5 12 10 7 0 12 13 13 5 15 8 13 12 5 4 11 
12 4 3 13 13 12 7 8 6 9 12 11 6 9 2 4 4 0 6 13 14 5 13 1 9 11 8 1 11 15 6 9 
11 6 0 0 13 4 8 2 10 6 2 2 8 11 4 7 15 1 14 14 7 15 8 6 2 0 8 10 4 0 1 10 
2 3 8 11 7 6 1 11 6 13 0 11 12 1 8 12 6 1 1 10 3 0 1 7 14 13 6 6 15 1 0 3 
9 11 14 11 5 15 12 4 11 4 13 4 7 4 12 7 13 3 0 3 11 9 6 8 10 4 11 1 12 13 11 7 
7 12 3 5 2 14 8 4 11 14 9 14 13 11 14 11 3 11 14 12 12 9 0 1 5 14 9 7 0 1 4 6 
15 3 0 13 3 9 10 7 12 6 1 15 13 7 5 13 15 10 9 2 11 0 6 4 9 13 3 7 7 0 10 12 
15 3 0 13 3 9 10 7 12 6 1 15 13 7 5 13 15 10 9 2 11 0 6 4 9 13 3 7 7 0 10 12 
5 15 13 13 0 8 12 9 7 15 14 9 11 0 3 3 12 9 0 14 14 7 2 4 1 6 15 5 1 14 7 1 
3 5 11 13 9 6 4 0 12 15 1 0 3 7 5 8 1 13 5 0 7 12 0 13 13 2 15 6 13 6 10 10 
11 1 10 6 11 15 5 7 11 5 12 7 14 15 10 1 0 3 9 10 0 9 7 12 7 7 9 2 9 12 12 7 
2 13 9 14 13 10 3 5 9 8 5 15 3 11 11 9 5 12 14 0 6 7 9 13 9 8 5 12 13 12 4 15 
9 12 1 11 1 8 6 4 12 7 11 15 8 0 6 5 8 9 2 12 5 2 3 7 2 12 7 2 15 5 14 7 
