4 11 10 7 5 2 11 14 8 5 13 2 6 6 4 8 1 0 10 11 7 12 10 10 2 7 11 15 11 8 4 0 
14 2 11 1 5 6 15 13 2 2 5 14 10 4 5 5 0 1 6 0 11 2 0 13 6 14 5 11 15 1 5 13 
12 1 7 12 3 15 15 9 2 9 14 1 11 13 9 0 6 12 12 0 1 10 0 11 12 11 15 8 13 9 15 12 
13 2 10 11 7 0 7 3 0 9 6 14 3 12 9 0 10 7 7 8 1 3 6 12 15 14 7 6 0 13 15 9 
11 0 13 2 5 15 13 15 3 6 12 15 6 0 2 4 12 15 6 12 4 6 12 7 6 14 2 13 13 8 6 13 
13 7 1 14 12 2 6 2 6 11 5 11 1 6 4 2 4 5 12 11 14 0 7 13 4 7 14 2 14 14 11 13 
6 4 1 8 8 9 1 4 9 0 0 13 6 13 1 3 7 15 15 4 15 10 11 2 9 8 3 0 10 1 3 15 
1 6 13 0 12 12 6 2 9 9 14 15 10 9 12 10 4 5 10 14 2 13 4 6 15 10 14 11 7 10 3 1 
1 8 14 5 5 2 9 11 4 1 2 1 2 13 15 12 12 0 2 0 8 2 5 5 12 12 8 4 15 0 5 0 
11 15 2 5 10 6 10 10 9 5 9 4 13 15 1 1 8 10 3 4 15 5 7 7 5 10 10 2 7 8 5 13 
1 8 5 6 10 0 14 9 0 11 14 0 2 4 12 2 3 9 0 10 0 6 13 11 12 3 5 11 14 4 11 11 
3 5 1 3 7 3 9 12 9 8 14 12 10 5 14 5 5 4 0 2 8 2 12 1 6 7 12 1 12 12 11 6 
