1 12 15 6 0 13 13 8 10 9 3 5 12 11 2 7 14 15 4 12 1 8 10 3 0 0 2 1 12 5 13 10 
12 8 0 4 12 13 1 5 15 0 7 10 0 13 5 1 1 9 9 0 8 6 5 3 1 8 1 9 1 5 8 15 
7 3 11 1 8 1 7 15 10 0 7 1 5 15 1 6 5 5 14 4 2 15 15 7 6 3 2 15 9 1 11 7 
1 0 10 5 11 2 13 3 9 10 11 7 7 3 9 6 9 2 2 15 2 12 10 9 6 10 5 4 4 10 6 0 
8 15 14 12 2 3 15 6 2 6 2 6 8 12 8 12 4 5 6 3 7 2 8 4 14 11 15 5 14 5 1 15 
6 2 10 7 11 4 7 13 7 7 7 13 10 5 9 10 1 3 2 2 2 11 14 11 2 4 14 14 1 5 1 11 
7 13 11 13 4 9 9 11 15 10 3 1 8 12 7 13 9 2 10 3 11 7 11 0 5 0 8 12 11 4 10 5 
10 13 13 11 14 12 7 8 10 3 15 12 6 6 12 1 3 15 3 6 3 4 9 2 14 14 12 1 11 12 8 11 
14 13 5 8 12 4 4 8 2 10 5 14 3 8 14 4 11 15 14 0 15 1 2 8 15 15 6 8 5 9 15 7 
11 5 13 4 8 14 12 1 0 8 2 8 6 15 1 10 5 0 15 13 5 12 9 5 6 1 3 9 15 1 8 13 
2 8 10 11 6 8 11 13 4 13 3 7 5 14 1 1 11 8 1 13 6 13 8 3 6 9 10 6 2 12 2 14 
