8 6 2 10 2 15 7 6 10 5 0 8 13 1 7 3 12 6 0 8 8 10 15 6 12 13 3 4 5 13 9 11 
4 13 13 3 5 12 8 0 15 2 2 15 13 11 5 3 0 0 8 14 14 10 8 0 12 11 2 15 5 1 14 1 
6 7 2 12 10 6 0 0 4 14 15 8 12 8 13 15 8 0 4 14 3 0 4 11 3 9 3 7 12 14 3 4 
8 14 2 10 14 9 2 2 1 13 5 10 15 13 5 3 4 15 0 10 10 14 6 12 9 10 11 7 8 4 9 8 
2 15 4 3 13 15 0 11 5 2 12 6 14 2 11 8 11 12 8 4 3 0 10 4 1 2 5 11 9 1 3 10 
9 7 3 8 11 4 1 14 10 2 0 2 11 11 3 6 13 5 14 10 10 7 6 13 4 5 11 0 6 9 2 2 
4 5 5 12 12 8 11 8 7 11 3 1 5 0 9 10 3 8 1 5 6 13 13 4 13 10 2 7 14 9 15 11 
4 5 5 12 12 8 11 8 7 11 3 1 5 0 9 10 3 8 1 5 6 13 13 4 13 10 2 7 14 9 15 11 
3 8 10 8 12 11 11 4 4 4 0 6 2 15 15 6 4 9 3 11 8 11 6 14 9 12 14 10 0 6 7 1 
14 0 13 5 12 4 6 15 12 3 0 9 1 4 13 15 15 6 12 5 8 6 15 6 5 7 8 1 14 11 3 10 
5 10 4 5 13 15 11 2 11 10 10 5 15 12 3 4 9 1 11 3 13 7 14 6 1 6 3 10 10 12 10 1 
