10 8 8 12 1 5 13 13 1 5 8 4 2 14 14 9 14 10 15 2 4 10 0 0 3 6 0 11 8 3 15 7 
2 14 12 15 8 5 0 11 12 13 5 8 6 15 13 11 6 9 14 12 5 11 11 14 7 7 0 15 8 0 11 12 
0 13 11 4 9 3 3 2 12 2 11 5 1 4 5 0 7 15 1 3 5 14 8 6 0 13 13 5 9 11 1 4 
4 0 0 4 8 11 9 11 12 8 9 15 13 8 4 10 5 1 4 9 4 12 1 2 3 5 5 2 10 1 1 2 
6 5 0 12 8 10 12 15 14 3 0 7 8 12 2 7 4 12 3 0 3 12 12 2 2 14 3 11 15 15 11 8 
6 5 0 12 8 10 12 15 14 3 0 7 8 12 2 7 4 12 3 0 3 12 12 2 2 14 3 11 15 15 11 8 
9 0 4 15 13 10 4 2 15 1 5 2 8 8 11 0 12 11 13 3 14 5 6 3 8 12 0 10 0 6 12 5 
6 15 11 10 5 15 6 4 3 12 9 3 7 8 14 7 5 13 6 14 8 15 12 3 13 4 14 9 8 7 6 6 
15 15 4 7 9 7 11 1 7 3 1 11 5 5 9 11 1 12 6 11 0 7 2 9 1 14 5 14 14 10 1 14 
0 14 4 6 7 6 4 12 5 6 8 4 4 4 0 14 11 2 7 10 3 14 1 14 14 15 5 2 4 7 2 4 
15 12 4 15 1 15 13 4 9 10 9 1 13 7 4 15 10 5 8 1 5 10 9 10 3 12 14 7 0 9 0 7 
3 5 10 4 8 5 3 12 15 15 6 10 8 13 6 1 2 6 0 6 2 12 3 10 5 7 5 1 5 0 7 15 
7 3 7 6 3 8 10 7 0 8 0 5 9 14 14 12 13 11 11 2 5 8 1 6 14 9 9 7 12 15 15 8 
