12 10 2 15 2 1 3 15 6 3 0 5 12 7 11 2 3 15 4 5 3 0 5 3 12 3 11 8 6 15 0 15 
14 4 15 14 12 10 1 15 4 13 15 11 9 3 3 11 13 4 6 13 6 15 6 4 15 9 5 1 13 4 0 3 
13 1 15 8 2 12 11 10 11 7 14 12 4 0 8 15 11 13 12 10 5 14 0 0 9 2 0 4 9 11 3 0 
10 10 0 8 6 8 0 6 10 9 1 4 4 13 4 2 10 8 6 15 4 3 2 14 5 7 1 3 1 8 14 3 
11 12 0 12 9 2 10 14 2 14 2 14 8 3 15 0 2 5 9 0 15 6 5 3 13 14 9 0 14 7 3 2 
11 5 1 12 15 6 12 3 10 7 13 7 8 11 8 14 8 14 7 8 15 3 13 15 11 4 12 11 12 0 8 6 
10 8 15 0 14 3 7 6 1 8 2 4 5 0 9 4 7 13 0 2 3 4 14 12 10 12 10 0 0 15 13 0 
8 3 13 3 8 5 12 6 11 2 14 2 1 6 5 10 8 13 14 1 2 0 7 12 12 12 14 3 6 0 10 1 
13 2 7 12 0 7 4 15 9 6 12 7 13 9 12 3 5 14 11 0 12 15 2 12 14 15 15 7 9 3 5 14 
8 2 0 1 15 13 6 8 11 15 8 1 7 3 9 0 2 8 2 12 5 12 14 8 1 7 8 2 2 9 9 0 
5 15 0 3 6 3 15 1 15 4 1 7 1 14 2 9 1 4 11 4 4 7 12 13 8 14 14 7 1 9 1 1 
7 11 6 8 11 11 2 1 13 5 14 13 1 0 12 15 8 2 6 15 11 12 9 3 2 8 14 10 7 8 1 5 
