9 9 15 14 0 9 3 9 9 15 14 2 13 9 14 7 12 9 6 2 2 3 9 12 15 5 6 6 7 3 7 14 
5 6 9 11 1 1 4 9 13 12 12 0 3 3 9 8 5 5 4 6 10 0 12 14 2 10 11 2 11 11 6 0 
11 1 4 1 1 8 2 15 6 7 0 5 4 6 6 14 2 15 10 9 5 10 2 15 13 7 7 9 3 3 12 9 
7 4 4 4 11 12 6 13 2 10 11 2 3 2 6 5 2 12 11 2 9 0 7 4 4 11 15 3 2 3 12 15 
9 8 2 7 5 1 14 12 1 4 11 11 3 15 13 13 3 1 0 9 5 0 1 2 8 11 3 10 11 12 6 12 
15 11 6 1 13 6 4 5 15 5 5 3 7 13 12 0 12 9 9 14 15 2 6 14 4 15 15 4 2 2 7 1 
2 2 3 8 1 11 8 7 15 7 8 3 14 10 14 9 0 8 3 9 4 12 1 9 0 7 15 14 0 14 10 5 
8 7 4 4 1 11 0 2 2 0 9 1 9 5 9 10 15 1 0 14 7 11 10 1 0 11 8 13 13 12 9 0 
6 3 9 14 12 13 14 1 10 10 6 5 5 0 4 2 10 15 11 4 7 7 4 6 7 13 0 8 12 7 5 8 
12 8 5 9 7 6 12 14 0 12 14 2 0 3 9 11 6 5 9 12 10 10 1 6 8 6 1 2 10 9 14 12 
5 6 12 11 3 8 2 15 6 1 5 10 1 5 3 15 1 4 15 0 14 5 14 11 12 1 4 13 3 5 14 5 
12 11 15 15 7 3 15 13 9 11 4 7 11 12 8 11 12 10 11 15 10 7 8 2 10 11 13 15 2 0 11 3 
7 6 2 15 15 8 9 3 15 11 0 7 5 2 1 14 9 2 13 10 6 10 6 1 10 15 13 0 14 4 14 4 
