6 0 0 2 10 8 2 3 7 15 11 12 7 14 3 5 10 0 2 9 14 14 14 12 7 13 6 5 0 15 6 0 
9 15 10 7 1 4 7 11 8 13 11 6 4 12 15 1 5 13 0 9 1 1 7 14 9 1 3 8 9 8 8 13 
4 4 1 6 4 9 7 15 0 0 9 2 4 1 1 10 10 15 1 12 14 4 4 2 1 0 13 4 0 14 3 9 
10 14 13 6 12 14 1 6 13 6 10 12 1 8 12 0 8 0 13 4 15 15 15 7 9 4 11 8 5 12 12 9 
5 9 1 3 2 6 12 6 2 3 13 8 5 3 13 5 3 6 12 3 15 13 14 12 15 12 15 4 5 1 9 0 
12 9 0 0 4 7 13 1 11 5 9 3 12 3 1 8 2 7 4 13 9 0 10 2 13 12 11 3 5 15 4 2 
12 9 0 0 4 7 13 1 11 5 9 3 12 3 1 8 2 7 4 13 9 0 10 2 13 12 11 3 5 15 4 2 
4 6 15 4 1 13 12 2 13 15 15 4 2 6 11 12 7 9 5 5 13 6 15 12 2 15 4 9 0 10 1 9 
8 10 11 7 4 14 13 9 12 13 14 2 12 10 9 8 3 12 3 9 14 11 9 11 7 2 5 10 2 9 2 11 
8 10 11 7 4 14 13 9 12 13 14 2 12 10 9 8 3 12 3 9 14 11 9 11 7 2 5 10 2 9 2 11 
5 12 4 5 5 10 2 6 2 7 7 15 3 10 3 12 13 5 4 9 1 15 5 13 6 0 3 0 13 9 4 9 
5 12 4 5 5 10 2 6 2 7 7 15 3 10 3 12 13 5 4 9 1 15 5 13 6 0 3 0 13 9 4 9 
13 13 15 5 9 13 0 2 1 3 10 10 3 11 1 3 12 4 5 8 12 6 11 5 1 7 5 13 0 10 8 11 
3 13 15 5 10 8 14 4 14 4 12 12 0 0 1 1 11 3 5 9 10 6 7 5 9 9 12 0 15 11 3 0 
2 5 9 0 2 0 10 11 2 1 6 3 11 5 6 6 8 5 6 14 8 2 2 5 9 1 3 7 12 14 12 11 
