2 11 3 4 8 6 14 11 5 5 8 6 15 12 15 4 0 11 11 4 4 2 4 14 12 13 5 5 12 9 0 14 
10 9 14 5 0 1 6 5 3 7 5 14 7 7 1 10 7 4 7 0 7 7 3 4 14 7 0 11 8 0 10 14 
1 11 11 5 10 5 2 13 5 15 15 14 13 6 10 10 5 15 10 2 0 12 15 1 3 5 6 9 0 0 13 0 
5 3 8 0 14 2 5 0 8 2 7 1 14 2 10 11 0 11 5 6 0 11 10 13 9 5 8 4 5 10 10 13 
14 6 2 4 12 5 12 4 3 4 0 11 15 15 2 14 6 14 0 9 7 9 12 6 4 5 3 15 8 2 8 15 
4 5 15 2 2 12 13 4 11 15 5 3 5 15 12 13 1 8 15 3 4 13 14 3 8 11 6 1 4 7 8 13 
9 9 6 2 8 9 6 15 10 9 14 1 9 12 14 10 13 6 5 7 10 0 7 13 11 10 4 3 7 5 8 8 
11 3 2 15 1 10 14 14 15 7 12 3 6 11 3 1 11 12 9 1 7 0 5 15 10 12 12 4 0 8 3 1 
12 7 8 10 10 6 11 5 2 7 2 3 14 3 8 8 7 7 12 8 3 15 8 14 5 1 2 6 15 4 3 14 
13 14 15 6 6 3 3 2 0 9 2 6 6 12 10 11 8 14 12 0 13 7 0 14 6 5 7 8 5 12 1 0 
15 10 10 0 5 2 4 4 11 8 12 5 2 3 12 9 12 4 12 9 1 9 9 1 8 7 14 0 3 5 4 13 
12 15 6 4 12 15 12 7 15 2 13 10 8 12 4 6 5 7 5 4 15 12 0 7 6 8 1 10 3 0 13 5 
