8 3 8 13 15 6 5 14 7 1 14 12 12 9 8 13 8 2 3 1 4 1 1 9 4 3 11 3 11 6 12 10 
4 6 12 7 9 3 13 2 6 5 2 5 9 9 9 10 15 4 2 15 9 3 8 4 3 12 12 10 12 14 7 5 
8 14 8 1 1 6 10 5 6 11 8 5 3 14 11 13 3 9 0 9 7 3 6 3 4 10 4 6 8 15 10 4 
10 7 12 2 11 4 1 6 10 8 3 15 7 4 10 4 8 14 10 14 14 9 2 10 3 11 12 14 12 9 5 0 
5 13 1 3 6 14 13 8 9 0 12 4 10 8 15 15 1 4 0 0 11 5 0 14 15 10 5 1 0 11 5 15 
9 3 14 3 11 7 3 5 15 8 0 10 0 15 9 15 0 4 11 8 0 0 15 5 5 12 15 5 10 15 4 10 
7 9 9 9 14 11 2 0 4 6 14 8 11 2 15 9 1 14 1 13 9 4 8 0 14 15 6 9 14 7 8 12 
3 6 12 0 10 13 3 12 3 3 0 1 8 12 9 1 8 8 11 10 12 13 13 2 5 6 9 9 7 13 3 2 
9 11 4 0 9 2 13 10 6 9 10 5 15 0 1 14 9 4 0 8 15 4 5 3 7 10 14 11 0 3 12 3 
8 12 8 9 0 0 7 12 1 12 4 9 1 1 3 13 7 5 14 5 3 12 9 4 10 15 1 9 11 11 11 14 
0 1 12 4 3 9 1 9 1 9 9 0 11 5 9 12 9 7 13 8 9 2 10 4 0 6 2 14 4 12 6 8 
5 10 10 10 14 11 11 11 10 8 10 8 5 4 10 3 11 12 15 13 10 15 4 5 7 3 0 6 5 0 2 15 
15 5 8 7 8 3 8 1 1 2 11 1 11 9 7 7 5 12 6 12 0 4 7 3 6 5 7 9 8 7 9 11 
