11 13 15 10 3 1 11 7 12 11 4 8 0 7 4 12 6 10 4 11 13 13 1 3 11 14 13 13 11 8 9 13 
9 7 5 15 10 4 14 12 0 3 3 7 2 8 5 13 4 0 3 5 13 11 1 3 1 5 0 6 15 3 14 2 
15 14 4 14 5 13 11 8 0 3 4 1 5 3 12 12 0 8 10 3 14 6 12 12 10 10 11 9 14 10 1 6 
7 7 8 1 9 5 3 8 12 9 11 13 1 11 8 8 8 14 10 13 10 15 2 5 12 9 2 6 8 8 9 0 
13 7 14 14 4 9 12 10 8 8 12 8 8 2 7 13 2 1 3 15 11 8 1 4 13 15 1 4 13 7 6 13 
7 3 12 11 4 8 8 2 11 7 0 7 4 11 5 4 14 15 7 1 3 6 11 3 4 10 6 10 9 8 10 12 
7 1 15 4 14 6 8 10 12 6 3 14 5 5 5 10 13 10 8 7 7 8 11 2 0 4 3 5 14 14 11 11 
8 15 13 14 3 12 8 3 11 15 3 14 14 10 10 3 12 9 3 14 1 6 10 9 10 7 9 8 5 4 9 8 
11 7 12 4 12 5 1 4 3 14 15 1 5 0 7 3 2 6 1 5 8 15 11 11 0 10 7 7 1 7 4 9 
8 7 0 5 0 5 2 5 6 15 6 7 1 7 15 2 15 13 8 1 8 0 0 14 8 11 8 13 4 5 13 3 
2 13 1 13 2 2 15 8 12 4 11 1 15 2 4 8 6 3 3 12 8 7 12 10 8 3 13 0 2 1 8 1 
2 1 9 5 5 1 1 8 10 8 11 5 6 8 12 12 1 6 1 2 12 11 6 0 12 8 0 0 14 6 4 1 
9 2 13 12 10 0 3 1 4 9 1 2 15 10 5 12 5 6 8 3 13 15 4 11 5 7 5 3 14 0 10 8 
