0 11 12 9 11 1 11 6 7 3 3 1 4 12 10 6 13 15 0 9 5 9 0 11 10 8 6 11 9 15 13 10 
12 12 13 4 15 4 12 15 7 6 1 1 9 9 0 1 8 1 14 4 4 5 1 4 10 5 12 3 14 10 7 7 
2 15 2 11 8 13 2 12 4 8 13 15 5 14 15 11 0 7 2 6 15 5 10 14 5 11 3 0 13 14 3 6 
2 6 15 1 8 11 6 10 14 8 8 7 3 12 6 4 14 2 14 4 12 8 1 13 9 15 9 12 4 7 6 3 
6 0 8 15 11 2 0 9 12 7 4 5 10 3 0 3 1 5 11 6 10 8 1 15 8 7 15 6 4 7 5 1 
12 2 15 9 9 3 2 6 3 6 8 15 8 8 11 14 7 5 12 6 12 14 3 1 7 0 4 8 14 2 5 1 
11 15 5 5 7 15 12 9 4 13 8 10 7 13 9 2 4 9 7 4 12 8 7 13 3 14 5 14 3 14 8 1 
8 3 11 10 9 7 9 0 8 9 0 9 5 4 2 1 3 10 8 0 14 12 4 7 5 13 1 2 8 6 1 1 
3 12 12 0 15 6 2 9 12 7 14 0 15 2 2 11 3 11 9 1 4 14 9 8 11 1 8 15 3 11 11 14 
13 5 6 8 9 7 12 7 6 10 0 12 8 9 13 12 12 0 7 5 2 4 13 9 2 4 14 1 10 5 2 12 
4 4 15 11 14 5 5 5 5 14 14 12 0 0 6 13 10 15 13 12 2 0 13 6 6 5 7 12 9 12 15 4 
11 1 11 6 11 2 9 8 5 12 8 15 0 2 12 6 0 7 6 5 11 8 14 8 5 7 3 11 3 10 3 4 
2 2 3 2 11 10 13 4 2 8 6 12 11 3 8 1 3 0 7 0 6 12 11 12 4 13 4 3 6 15 7 7 
