14 11 6 6 0 13 10 5 5 1 14 6 3 4 1 0 15 13 13 8 0 6 0 15 1 3 13 4 14 6 3 5 
5 14 9 0 0 8 11 6 10 7 11 7 13 0 12 6 9 1 11 5 11 8 9 1 1 7 13 2 0 4 7 6 
12 2 1 14 2 7 8 7 4 13 12 4 1 10 4 0 6 13 10 4 15 2 10 12 0 15 12 10 15 1 12 6 
15 15 7 4 1 13 7 13 2 6 0 10 2 12 5 8 13 15 6 0 7 2 0 9 12 3 2 4 6 9 14 0 
10 4 7 3 8 3 7 4 14 8 5 3 6 0 7 3 2 12 1 1 14 13 3 13 8 2 15 6 4 10 11 9 
0 13 15 5 1 15 11 11 8 0 14 0 0 6 0 2 5 1 0 9 2 9 4 11 4 1 14 14 1 7 3 9 
13 2 0 2 5 0 1 12 10 13 11 13 2 14 6 15 11 2 8 6 1 2 14 5 13 8 5 2 3 2 13 6 
5 7 0 9 3 3 0 9 2 13 8 11 4 11 14 1 9 8 12 0 5 0 12 4 1 7 10 8 15 5 2 13 
14 11 4 1 0 11 8 9 14 5 5 14 0 4 7 4 14 5 15 5 14 11 5 12 13 6 10 9 12 15 2 9 
6 4 1 3 4 10 7 4 14 9 10 0 9 11 11 5 0 14 12 14 4 2 12 1 14 3 10 4 7 7 13 3 
13 13 8 10 1 7 8 13 13 12 8 0 4 4 0 3 11 7 13 3 14 12 2 10 12 13 14 10 3 0 8 9 
