0 8 13 9 0 4 3 11 13 7 7 2 9 15 7 1 12 1 3 4 4 1 14 8 8 4 14 3 3 10 4 2 
11 7 11 0 4 9 14 4 5 5 2 5 14 12 2 12 1 6 9 15 6 10 11 4 5 10 8 2 15 2 11 14 
6 0 2 1 0 2 13 12 10 14 2 11 12 11 12 5 3 2 13 9 1 0 14 3 13 2 3 8 11 4 15 2 
3 0 13 4 11 11 9 3 2 9 13 1 6 14 5 2 1 6 8 6 11 10 2 0 1 7 10 9 13 14 15 12 
7 6 10 12 10 4 3 10 9 14 5 4 1 12 15 11 14 11 7 5 7 6 11 5 2 13 3 0 9 4 11 0 
14 3 3 10 0 2 12 13 5 7 14 13 1 3 4 0 3 3 8 9 6 0 0 6 7 8 4 4 5 8 6 5 
6 13 12 7 2 10 0 10 12 1 11 5 7 0 8 6 5 6 9 13 11 7 1 9 10 9 15 15 14 5 1 12 
6 10 11 6 8 3 7 12 7 3 13 2 9 5 14 13 10 10 14 11 2 14 6 2 11 3 11 3 3 0 0 9 
2 4 6 7 4 7 10 13 8 4 1 3 9 15 7 1 5 8 2 8 1 9 7 4 11 5 15 8 13 15 14 10 
6 6 1 4 9 8 14 14 0 13 6 13 8 9 0 13 13 10 3 8 6 13 1 14 3 10 9 9 8 13 6 13 
1 3 15 3 9 12 7 11 15 10 11 10 3 3 15 11 11 5 5 14 5 13 0 7 1 3 4 2 9 10 14 3 
