0 12 0 12 12 8 12 4 0 0 13 3 5 14 11 5 11 5 15 6 1 13 0 11 11 13 1 11 2 3 6 3 
15 15 7 9 2 11 11 0 0 12 7 0 9 1 10 15 10 1 9 10 0 13 7 2 2 9 3 5 13 2 3 7 
5 6 8 8 9 11 1 6 7 14 13 7 10 8 1 9 1 8 0 8 10 13 2 2 14 6 8 1 15 11 9 5 
10 11 12 6 3 2 6 3 9 6 9 6 12 13 0 11 3 13 12 2 1 10 13 15 8 13 11 0 3 14 14 0 
1 15 11 15 15 2 2 8 5 12 15 10 14 9 1 8 2 5 4 8 14 10 1 7 6 5 5 3 4 11 11 15 
4 4 13 0 7 6 12 8 2 5 7 11 8 2 7 12 6 6 3 4 10 9 2 15 15 9 5 3 11 0 4 8 
3 7 5 5 11 7 2 7 9 8 10 11 11 11 15 13 9 11 4 8 11 3 14 10 0 13 12 1 4 3 2 5 
8 12 5 3 3 1 3 0 8 5 3 4 5 11 3 11 1 14 11 14 5 0 1 7 15 12 3 14 10 4 11 10 
8 1 5 7 0 3 15 13 13 0 2 11 1 11 1 12 1 15 11 7 15 12 2 8 3 6 5 10 3 2 15 14 
8 1 5 7 0 3 15 13 13 0 2 11 1 11 1 12 1 15 11 7 15 12 2 8 3 6 5 10 3 2 15 14 
2 2 4 13 9 0 1 7 5 2 9 11 3 9 13 4 14 2 13 0 3 6 15 11 6 8 7 1 1 15 14 1 
2 2 4 13 9 0 1 7 5 2 9 11 3 9 13 4 14 2 13 0 3 6 15 11 6 8 7 1 1 15 14 1 
0 3 12 3 14 14 7 1 10 3 10 4 9 9 3 1 2 3 14 12 4 4 14 7 2 6 13 4 2 11 4 12 
