9 12 13 2 0 10 8 4 5 2 10 9 12 15 12 9 13 10 15 11 11 3 1 2 2 11 4 9 9 13 8 5 
13 5 11 13 7 4 14 2 1 6 3 15 12 14 7 6 10 8 9 8 2 8 0 14 3 14 3 13 9 14 9 4 
6 0 6 11 0 12 0 8 11 14 7 2 13 3 11 8 5 2 12 14 7 10 6 2 9 7 6 14 13 4 8 8 
9 9 2 12 3 6 1 10 0 6 10 7 14 1 7 9 10 4 14 14 7 11 5 5 4 8 1 9 12 3 5 8 
0 11 2 11 0 13 3 8 15 14 3 4 11 9 11 6 15 0 7 3 14 8 0 0 2 0 0 1 2 1 1 13 
11 12 4 13 8 5 7 2 15 8 1 8 13 8 7 14 13 15 8 9 5 9 0 4 6 15 10 0 14 10 8 1 
1 1 15 0 15 0 14 5 0 1 12 5 3 0 15 7 0 12 8 15 0 6 13 13 7 1 6 2 13 1 9 5 
15 14 11 1 14 14 10 14 5 4 14 8 2 11 11 3 9 13 4 12 4 12 14 3 8 0 10 6 6 14 14 9 
10 6 5 5 1 3 14 6 9 1 7 6 0 5 5 9 12 1 11 13 3 8 8 12 10 15 10 3 10 4 4 10 
15 5 15 4 14 9 4 4 9 9 10 14 12 3 0 6 5 11 10 2 3 10 3 1 6 5 11 13 4 15 11 5 
0 1 2 1 14 15 6 10 0 12 3 6 12 9 2 8 11 9 10 0 13 2 13 14 10 3 11 2 7 7 4 2 
2 8 15 7 1 0 11 11 3 1 13 7 6 12 10 5 7 4 9 4 14 5 13 3 4 8 5 10 4 0 5 3 
3 10 0 9 15 14 15 5 13 3 5 13 15 8 2 5 6 2 0 0 0 8 3 9 12 14 15 11 14 7 2 3 
