3 4 9 6 12 1 15 6 14 5 7 15 14 14 4 7 13 14 10 12 15 6 11 3 10 13 6 12 8 1 14 10 
3 4 9 6 12 1 15 6 14 5 7 15 14 14 4 7 13 14 10 12 15 6 11 3 10 13 6 12 8 1 14 10 
3 3 2 9 6 13 13 13 1 7 8 12 8 6 3 9 14 6 8 11 1 0 7 2 4 3 14 13 9 2 6 12 
7 0 8 6 8 0 9 0 9 0 0 8 2 13 8 14 10 15 11 12 12 9 11 8 14 6 14 2 7 14 13 8 
9 4 2 3 9 4 11 0 15 0 10 4 10 0 14 5 3 5 4 12 7 9 9 11 7 4 4 12 8 4 0 0 
15 0 3 9 10 12 1 8 14 2 0 0 9 3 1 8 8 1 6 1 12 3 13 5 6 1 8 8 2 3 11 7 
1 12 13 5 15 5 13 14 6 7 4 9 3 4 13 3 5 5 1 1 5 5 3 2 9 14 13 10 15 4 8 13 
10 15 9 13 6 14 5 10 4 15 4 7 7 7 5 0 7 13 9 9 2 7 13 1 12 11 1 10 14 8 11 0 
10 4 15 2 13 3 9 10 10 6 13 14 11 13 3 15 4 15 5 2 1 13 15 5 3 6 3 7 0 3 3 7 
4 9 13 14 3 2 7 0 14 15 13 5 4 7 11 7 14 1 8 11 3 1 0 15 9 10 5 10 3 12 12 0 
0 4 14 14 13 15 8 0 8 14 15 14 7 1 14 8 14 10 15 15 0 10 11 6 0 5 7 11 3 8 10 1 
9 14 14 12 13 5 11 4 7 7 10 0 8 8 14 3 4 3 6 10 12 8 1 15 15 11 6 7 15 2 9 0 
12 15 14 13 10 14 1 4 4 6 9 1 7 14 15 7 7 13 7 11 0 1 12 14 14 10 15 2 9 8 2 2 
