9 13 9 11 9 0 5 4 13 13 12 4 9 10 0 15 6 12 14 11 6 0 10 8 3 15 15 6 15 7 7 7 
11 12 3 15 13 6 0 10 5 1 8 5 8 4 10 4 15 6 13 4 4 7 12 1 1 8 1 13 8 8 6 0 
4 15 2 10 15 13 9 10 12 4 5 6 2 8 7 10 10 9 2 15 10 7 10 0 8 1 15 10 3 11 8 14 
5 8 13 12 15 2 8 0 9 6 5 9 8 5 8 2 13 1 4 15 7 11 4 3 15 9 6 15 3 15 8 8 
0 12 7 9 2 11 8 2 3 7 8 9 10 6 5 1 1 4 4 7 11 11 11 0 4 7 0 10 11 11 11 6 
11 6 4 11 8 4 7 7 14 13 4 6 9 7 0 10 1 0 14 6 6 11 9 12 12 1 10 12 7 4 6 11 
1 5 13 10 10 15 8 0 13 0 11 8 13 1 8 4 9 12 14 7 3 1 7 3 14 2 14 2 13 2 7 12 
11 14 5 7 13 6 8 10 5 4 11 15 2 15 2 15 6 15 12 10 10 12 3 10 5 9 0 9 11 5 2 3 
3 13 6 6 2 10 10 4 7 10 2 1 2 5 4 14 7 0 11 0 8 14 6 14 10 6 13 10 3 11 11 3 
5 13 7 10 0 1 2 9 2 15 0 3 1 4 9 7 9 0 13 14 8 14 12 9 10 0 10 6 12 1 4 13 
10 13 4 1 2 14 0 9 4 12 11 11 9 11 2 7 14 2 0 5 1 8 9 5 10 1 1 7 11 12 11 10 
