3 8 4 8 13 13 1 10 6 2 15 10 8 9 7 14 10 13 13 14 6 12 5 6 1 9 2 6 10 9 4 8 
1 3 13 4 6 11 14 15 3 14 13 1 3 10 15 2 13 15 13 12 4 8 12 0 8 4 5 14 13 8 7 5 
5 2 6 1 1 3 2 15 0 4 1 5 10 3 11 2 14 2 5 3 13 4 15 13 11 6 14 2 5 6 14 9 
5 10 6 2 6 1 13 9 8 6 14 7 12 11 10 8 13 1 8 11 0 1 13 14 10 5 7 5 5 10 3 6 
3 0 10 5 4 5 6 4 14 14 13 2 5 8 12 1 3 1 3 7 8 11 2 3 7 12 10 8 1 14 12 5 
6 7 9 9 1 15 9 5 4 9 10 12 8 13 15 4 9 1 11 4 9 11 4 0 15 14 13 13 11 6 1 6 
10 1 5 12 10 15 11 9 5 7 13 6 11 6 7 15 1 8 8 14 1 6 0 7 7 1 5 14 3 11 14 14 
10 6 8 15 0 14 2 3 15 6 11 5 2 13 14 11 13 15 15 5 5 5 14 3 4 8 11 13 2 2 11 13 
0 0 4 11 9 14 1 14 10 13 10 13 11 8 8 7 11 13 4 1 2 1 2 0 15 14 3 0 14 11 8 7 
15 4 5 1 6 7 2 4 15 0 3 10 1 11 13 2 6 13 15 12 3 6 5 1 6 4 15 13 7 6 8 6 
14 5 5 4 10 0 7 7 5 14 4 12 13 10 0 9 13 6 1 8 3 10 14 7 8 4 4 9 7 2 4 12 
