9 3 15 15 11 14 12 0 12 5 11 13 3 14 0 8 8 10 15 1 15 3 10 4 7 6 4 13 8 8 11 9 
13 9 1 7 12 0 9 15 1 6 15 4 13 9 11 2 8 11 14 15 1 7 0 2 11 9 6 7 6 1 9 14 
5 13 6 7 8 4 0 14 0 7 10 1 12 15 8 4 3 12 3 9 6 13 5 4 11 1 3 12 11 6 13 7 
13 1 6 7 2 7 7 12 5 0 13 9 13 3 0 9 1 10 12 8 0 5 1 6 5 5 7 12 15 12 9 9 
13 4 13 13 0 7 2 14 8 7 5 8 7 11 3 7 12 12 0 12 6 13 0 12 7 12 8 5 4 7 10 7 
5 8 14 3 10 4 11 7 12 6 8 9 5 2 5 2 0 10 9 2 6 6 10 5 12 13 9 3 6 0 5 15 
1 7 4 6 13 5 10 14 1 4 7 1 9 9 8 12 10 9 1 15 1 4 7 3 11 6 0 3 0 1 4 9 
1 3 10 7 2 0 5 4 6 8 11 6 3 15 12 3 9 7 5 11 9 2 15 5 1 6 4 4 9 12 10 12 
3 5 1 5 11 5 4 2 8 0 11 6 2 2 8 12 14 10 2 6 7 6 2 15 11 4 10 15 10 12 11 15 
3 2 12 7 3 1 5 14 3 8 15 14 6 3 12 11 10 15 3 10 11 10 11 1 7 10 5 7 9 2 1 11 
5 14 14 6 12 4 3 6 15 3 5 3 11 4 0 10 1 7 0 12 3 6 6 5 8 2 12 10 12 4 10 6 
13 1 2 9 1 9 5 14 7 8 10 15 2 12 2 10 13 14 15 7 6 6 13 11 0 7 3 4 12 11 10 8 
9 10 0 0 6 9 1 1 1 11 3 9 5 9 12 6 8 8 4 5 13 7 13 4 8 2 6 13 10 10 1 9 
