1 7 7 15 1 6 10 12 3 7 9 2 2 4 7 10 12 1 0 1 3 0 6 7 9 6 2 1 8 1 7 11 
15 4 14 0 2 5 14 9 7 9 11 9 6 10 11 14 12 7 14 5 4 8 1 6 2 2 13 9 12 2 4 10 
6 8 3 0 10 9 10 9 14 1 9 5 11 7 15 9 14 12 10 6 0 11 2 4 4 5 0 14 8 5 8 7 
10 10 9 11 1 1 11 9 14 15 10 8 12 14 12 15 7 6 10 15 2 13 10 9 15 1 11 12 8 15 6 3 
4 9 6 12 2 0 3 4 1 3 11 14 2 1 14 5 12 6 15 4 14 13 4 15 9 12 10 11 1 8 7 0 
14 14 6 10 12 10 2 6 1 0 10 12 4 9 0 14 14 11 12 3 6 1 5 10 14 10 5 5 12 14 1 1 
3 11 5 13 13 5 1 6 11 13 12 5 10 4 5 6 5 0 8 0 11 2 7 11 1 15 15 12 9 6 7 7 
14 14 15 6 11 5 8 2 10 13 1 15 14 7 0 15 2 0 3 6 14 3 11 5 9 15 8 2 15 10 6 7 
0 1 10 8 0 9 1 12 14 9 4 0 4 15 5 14 3 4 14 4 14 7 0 11 12 13 0 6 3 8 5 7 
6 7 14 8 5 4 15 4 13 0 9 7 10 0 1 14 12 5 12 7 0 15 2 8 15 11 11 13 5 12 13 0 
7 6 5 0 4 2 11 8 11 2 9 0 5 11 13 6 9 3 0 8 9 7 1 14 2 11 13 13 2 6 9 0 
8 1 8 15 12 9 7 3 13 9 5 8 0 0 13 10 14 8 11 15 15 5 8 7 10 6 14 14 11 4 15 0 
