6 9 6 4 5 2 4 11 1 4 10 13 1 13 2 13 4 7 1 1 0 4 2 0 6 1 9 6 13 1 2 14 
12 4 13 12 0 10 7 12 11 2 13 7 4 6 4 13 0 8 2 11 0 1 12 9 4 0 2 11 7 1 12 3 
11 2 12 1 3 7 10 4 9 4 4 0 1 2 0 15 6 0 4 9 13 9 11 4 11 14 5 5 4 7 4 14 
15 2 13 7 12 14 3 7 1 9 3 3 4 13 2 8 2 1 10 15 14 5 2 1 2 15 10 15 12 12 2 2 
1 5 5 10 7 5 0 6 9 15 12 7 10 8 13 8 0 13 8 10 13 13 12 9 3 4 15 5 15 3 10 1 
0 12 3 13 13 10 4 0 4 8 2 8 7 4 6 3 2 14 7 3 5 3 12 5 5 10 9 2 1 8 6 12 
11 2 15 2 7 9 12 13 6 15 3 3 11 13 9 0 3 0 6 15 0 3 6 11 12 7 8 2 3 12 5 2 
13 0 3 5 14 15 4 12 4 2 8 2 11 13 8 7 14 8 8 13 1 4 7 3 10 1 12 12 4 2 1 12 
9 6 0 6 8 2 1 7 11 7 3 15 14 13 14 15 12 5 3 4 11 11 3 4 9 1 7 11 10 13 4 14 
2 11 13 9 8 10 14 8 4 9 0 6 8 7 6 5 7 11 14 10 14 6 1 11 5 12 5 2 2 10 5 9 
15 10 5 2 6 15 2 6 3 13 1 5 14 11 9 0 2 9 1 3 3 11 3 10 4 3 6 12 6 11 2 3 
10 8 7 8 10 1 1 5 15 2 1 13 3 8 2 9 9 2 11 4 7 3 11 9 7 2 3 3 5 13 5 0 
12 6 6 10 6 1 13 8 4 14 9 5 6 4 14 2 1 6 14 4 5 6 13 4 6 5 15 9 5 11 15 14 
