7 6 10 4 0 0 5 15 12 3 14 15 7 10 6 8 15 0 1 15 1 0 6 2 7 2 6 10 7 2 5 14 
15 8 8 13 9 4 14 10 1 13 5 7 3 6 0 2 13 7 14 15 4 5 2 0 7 1 13 13 15 3 1 7 
13 15 8 15 13 10 3 13 0 13 1 10 5 4 11 6 1 0 6 8 5 1 9 2 11 6 7 11 9 2 5 15 
0 5 0 14 2 11 14 7 14 0 2 2 12 2 9 13 14 13 11 1 13 4 8 13 15 13 11 10 12 7 9 1 
0 6 6 5 0 14 3 1 2 5 12 9 12 10 0 9 13 9 13 12 12 0 11 0 2 11 12 10 15 7 13 0 
9 11 9 4 7 2 8 15 3 7 2 3 0 11 14 6 12 7 0 10 7 14 11 5 14 5 14 15 1 4 0 0 
2 7 10 2 6 3 0 1 6 6 14 12 4 5 13 10 9 1 1 10 15 15 7 9 3 13 5 9 3 9 14 0 
10 6 11 15 13 1 12 10 7 6 0 12 13 10 11 1 13 9 5 4 10 14 2 3 5 5 8 2 4 7 3 13 
14 7 4 10 5 13 15 8 13 14 4 11 1 0 11 5 15 14 12 12 5 1 14 13 6 14 7 10 9 9 10 14 
7 1 13 9 4 0 7 1 1 6 5 7 12 14 11 7 8 15 1 10 3 9 2 4 7 8 3 2 7 4 1 14 
6 10 13 6 5 8 11 7 14 4 10 14 11 4 4 0 7 9 14 3 11 9 14 4 14 1 9 11 13 6 7 14 
11 6 10 4 0 9 0 12 8 12 11 15 9 13 7 7 4 13 10 15 7 2 6 9 9 2 2 12 14 11 12 9 
