1 6 14 13 10 13 5 9 0 12 12 6 15 10 12 4 6 6 3 8 2 0 4 15 11 10 8 0 11 8 6 6 
8 6 6 0 10 7 7 13 15 9 0 0 0 8 13 7 13 3 12 9 8 15 7 8 8 6 4 12 3 7 0 13 
12 6 9 7 0 8 2 15 3 13 15 13 0 0 15 3 2 11 14 10 4 1 7 2 10 1 6 2 4 10 5 8 
1 10 7 11 7 2 7 11 3 3 0 14 7 2 7 2 14 4 5 10 5 11 15 13 10 14 11 4 0 14 14 12 
4 13 14 15 0 7 11 10 11 9 0 12 9 8 2 3 2 8 1 14 10 4 8 12 0 9 4 15 4 9 13 15 
12 7 7 15 9 9 4 9 11 15 13 8 9 4 4 9 11 12 1 4 1 7 2 0 11 1 5 6 3 13 11 10 
9 15 1 14 13 6 10 13 5 6 15 3 3 6 1 12 11 6 10 11 12 14 0 1 8 13 14 6 4 11 4 6 
3 6 14 4 5 13 3 3 2 11 1 5 5 9 10 5 7 15 2 9 9 0 3 0 10 9 10 7 6 7 8 14 
4 6 12 7 9 1 10 0 14 0 12 12 4 10 9 4 4 9 2 8 12 11 0 3 15 14 3 2 8 4 15 3 
7 12 0 3 7 14 6 1 0 10 12 3 12 13 3 13 3 0 9 11 6 5 8 15 0 0 5 11 8 12 12 7 
13 13 15 2 9 5 10 11 3 5 0 4 8 14 15 15 7 2 2 8 11 5 6 6 3 1 3 15 7 14 9 3 
6 12 9 6 13 0 1 8 12 4 10 0 14 0 14 3 7 6 0 10 7 9 10 1 8 10 14 1 6 6 4 0 
10 6 1 9 15 8 0 8 5 12 12 5 0 0 0 6 12 6 2 4 12 10 11 3 15 14 4 12 7 13 5 3 
