3 11 15 9 12 1 4 1 13 9 6 8 11 1 1 0 7 6 1 3 11 9 5 12 15 0 11 6 5 15 10 2 
7 13 12 6 3 10 2 11 10 6 9 4 5 13 0 6 2 5 4 9 13 15 2 8 5 6 6 8 6 11 0 7 
8 1 2 7 5 13 4 8 6 10 8 1 1 14 9 6 5 3 1 12 3 7 13 13 2 5 9 6 13 3 13 3 
4 14 11 9 15 13 15 3 0 9 11 7 5 11 13 15 12 13 1 11 2 5 5 4 6 11 15 13 1 7 0 11 
10 12 14 5 3 2 12 3 12 9 0 7 12 8 8 3 3 4 8 6 4 7 9 7 14 6 15 8 3 5 6 11 
12 2 8 4 9 3 4 10 10 9 3 5 6 3 10 3 9 2 2 15 1 3 14 9 10 0 1 11 0 1 8 6 
6 9 4 14 12 6 9 11 7 13 3 12 10 2 2 9 9 13 6 3 6 14 11 0 13 0 6 7 6 10 6 11 
10 13 12 15 11 3 3 7 4 1 7 5 3 0 2 2 8 8 14 12 13 6 14 5 8 12 14 7 10 11 2 5 
11 10 4 7 4 13 9 13 4 7 14 11 5 7 14 7 11 14 8 13 14 5 3 14 13 8 1 10 11 3 11 2 
2 9 5 12 3 13 3 11 11 12 1 3 4 8 15 9 13 10 6 1 8 12 2 13 6 4 6 15 0 7 4 10 
6 8 11 0 14 6 1 8 5 9 15 9 11 7 15 11 14 9 11 10 7 3 3 12 13 5 7 6 13 12 10 7 
7 5 10 4 9 6 5 2 4 4 6 14 2 9 3 10 3 15 11 14 0 11 11 2 9 15 3 4 10 8 14 11 
