10 13 10 11 4 5 4 9 4 0 3 12 8 10 9 10 4 11 5 1 7 0 10 11 9 4 14 8 7 15 11 7 
2 2 13 12 4 8 13 11 15 5 9 3 14 1 7 4 4 15 11 1 1 11 15 5 9 15 7 5 9 0 15 6 
12 7 10 2 9 3 7 1 12 2 1 8 5 9 7 2 5 3 3 3 6 13 3 11 6 12 8 15 9 5 15 11 
0 6 12 1 3 14 2 13 15 10 1 14 0 10 8 5 0 9 7 2 11 0 9 10 9 11 10 14 13 2 9 8 
10 13 13 1 7 8 13 2 15 3 10 0 12 3 8 12 9 11 15 10 9 8 7 10 13 8 8 9 13 10 7 9 
0 7 0 5 15 6 15 7 10 1 5 5 14 12 1 4 7 2 13 12 3 12 4 13 1 2 8 14 3 11 14 15 
6 13 3 14 0 2 12 5 14 14 11 0 4 2 2 7 8 1 11 2 3 8 1 5 2 5 6 1 4 5 8 3 
8 14 5 1 2 2 13 0 10 10 1 3 7 9 14 4 4 14 14 14 14 7 12 15 14 9 2 14 5 13 9 3 
3 10 1 13 1 14 11 2 1 0 13 14 14 14 13 8 14 4 11 6 3 4 10 11 4 15 10 11 0 4 4 0 
5 1 15 7 9 13 1 11 3 4 6 15 13 1 15 12 1 0 10 4 0 14 7 14 12 10 8 12 2 6 3 9 
13 10 12 1 15 3 6 13 13 0 11 3 7 3 9 0 10 8 11 9 1 10 15 1 2 0 5 11 0 9 3 8 
