3 2 15 5 3 13 11 3 13 8 10 7 15 0 15 3 10 15 14 6 11 8 8 3 15 6 3 7 4 6 13 11 
2 13 5 8 11 0 4 8 14 12 14 15 15 9 15 1 9 1 6 7 6 14 13 12 4 14 6 2 13 5 12 10 
6 8 8 11 14 8 10 14 15 8 2 13 0 14 11 6 14 15 13 1 6 7 3 7 11 2 1 8 7 5 10 11 
14 11 13 9 11 6 9 6 12 7 7 5 3 10 14 4 1 7 13 6 2 2 4 8 13 10 5 0 10 13 9 2 
0 8 4 13 4 0 5 4 11 8 11 12 3 10 6 9 13 0 4 3 2 7 0 14 9 12 7 1 15 8 15 7 
15 8 9 11 6 11 8 11 9 15 15 0 9 4 9 2 4 3 10 1 7 3 6 12 11 12 5 1 12 15 2 12 
1 11 15 5 0 9 10 4 12 4 0 5 3 7 8 10 6 14 2 10 1 4 6 7 0 2 0 3 8 0 2 7 
3 8 13 13 2 6 11 2 5 9 3 2 13 3 1 0 1 7 0 12 10 1 3 13 1 9 8 1 3 5 5 9 
1 1 6 1 4 9 12 12 12 0 7 14 14 3 14 1 13 7 6 1 12 13 8 12 15 4 3 6 12 14 6 15 
3 15 13 2 9 0 1 10 1 7 6 1 14 6 9 12 3 8 1 5 11 0 6 12 1 0 0 7 10 1 13 2 
2 8 9 15 8 14 0 6 1 8 15 10 0 9 9 15 4 15 11 10 10 2 2 11 15 8 4 5 9 2 2 12 
