4 11 12 9 3 0 10 7 10 7 9 1 0 12 15 4 14 5 10 2 10 10 10 14 13 3 14 13 2 2 6 14 
14 2 10 7 0 15 10 12 1 15 1 5 13 13 12 7 14 9 11 6 6 6 6 1 12 15 2 0 10 15 14 13 
7 7 5 12 8 11 4 6 0 11 1 4 7 2 15 14 4 11 14 3 12 7 6 1 15 5 10 15 10 12 9 15 
3 3 2 4 0 11 11 11 1 2 10 10 13 7 14 5 6 9 13 12 7 4 7 1 4 13 14 14 13 3 14 1 
0 0 11 8 9 0 1 7 1 3 5 13 7 7 9 1 5 6 3 0 0 5 10 1 12 9 8 11 12 7 4 12 
5 13 0 2 3 7 8 9 6 7 3 2 5 9 1 8 7 2 14 6 3 8 12 6 6 5 9 1 4 10 10 7 
15 13 6 10 1 0 5 1 12 7 2 5 13 13 14 7 5 3 3 15 13 10 5 10 13 5 14 2 11 15 8 2 
8 7 0 1 0 0 5 5 6 10 2 6 10 12 4 5 0 2 13 13 15 3 5 1 6 0 8 6 1 11 9 7 
8 7 1 1 13 8 7 8 7 2 5 1 6 8 12 1 11 7 5 1 15 4 15 1 0 8 15 15 7 9 3 13 
3 7 0 9 14 13 10 15 9 9 6 8 0 7 4 4 7 1 3 4 11 5 2 10 1 12 12 5 0 8 7 12 
13 9 6 0 15 12 1 14 13 15 7 14 3 1 8 14 2 10 0 1 8 14 3 6 4 7 8 12 6 1 11 10 
2 14 1 7 12 2 10 9 8 11 7 9 5 7 14 14 0 0 15 7 8 9 10 14 8 8 6 13 8 11 0 12 
4 2 8 6 2 7 6 0 3 0 6 6 9 5 8 2 0 2 1 1 6 5 0 3 8 7 1 0 15 3 8 12 
