14 15 0 7 6 13 7 6 6 2 8 5 13 13 6 7 15 7 3 1 5 12 15 10 0 15 11 15 15 7 12 8 
7 7 6 15 5 8 11 6 3 13 14 14 13 3 8 3 9 13 6 14 12 4 6 5 1 1 9 4 9 2 2 1 
3 8 0 1 10 9 0 5 13 0 10 8 5 12 15 8 13 6 0 4 4 3 11 10 5 5 6 8 4 4 5 0 
6 11 15 10 1 6 10 1 6 7 6 13 2 3 2 14 12 15 11 15 0 12 9 12 1 0 9 14 13 10 9 15 
6 3 7 9 3 4 9 5 6 3 5 13 3 12 4 1 4 10 12 4 6 13 9 5 1 6 7 0 9 4 9 13 
13 12 5 3 9 10 3 2 8 12 14 13 4 15 4 12 2 9 1 1 4 0 8 7 10 4 4 13 3 15 4 4 
5 3 7 3 9 14 6 15 13 15 5 5 6 10 1 15 15 2 9 12 11 11 7 0 10 13 1 14 6 0 6 8 
6 7 3 15 6 11 2 4 11 3 11 12 14 4 6 14 1 14 12 1 5 1 5 5 2 2 1 14 5 7 15 12 
3 9 13 10 10 7 5 14 2 8 1 11 15 7 10 0 1 1 9 7 5 8 1 5 11 14 13 11 2 7 9 3 
13 15 2 11 9 15 10 12 11 8 9 6 7 15 9 6 5 0 14 2 7 6 11 4 3 4 13 1 1 9 13 4 
9 2 9 14 10 11 8 12 11 15 8 7 4 0 5 3 1 6 8 15 3 1 3 13 9 1 8 8 6 13 10 0 
3 8 10 0 1 14 4 14 15 3 2 9 7 7 5 7 6 10 10 15 13 13 14 3 9 5 10 2 13 3 15 10 
