14 8 10 13 2 5 3 15 0 10 0 1 7 15 2 3 15 10 12 7 3 15 13 1 3 5 4 2 15 15 12 5 
11 11 6 2 8 3 11 2 3 8 7 7 15 9 14 5 6 3 5 4 12 5 14 10 1 6 15 15 11 9 13 10 
11 3 11 2 2 7 9 4 13 7 5 12 3 3 8 3 13 8 3 3 10 9 7 9 6 10 10 8 12 13 6 11 
3 10 1 13 9 8 2 10 1 2 15 5 1 9 1 1 2 6 3 11 13 11 1 11 3 14 13 8 12 5 6 12 
10 9 0 8 7 4 8 8 15 6 3 6 11 9 12 15 9 7 2 13 8 8 5 5 13 11 3 13 15 3 4 1 
2 14 0 0 8 10 12 11 2 1 4 9 15 4 12 5 14 7 0 10 2 14 6 3 12 5 2 1 0 2 12 4 
10 13 15 11 9 7 3 6 6 11 15 8 6 1 11 14 13 7 7 3 9 2 10 11 12 3 12 4 10 14 2 1 
12 9 8 11 6 8 7 0 2 13 15 2 2 5 0 6 7 8 6 7 8 6 11 10 4 15 5 6 3 11 9 2 
13 3 6 9 3 7 0 3 5 12 5 2 9 7 4 0 9 5 7 5 5 11 9 1 5 2 3 13 12 7 6 15 
12 1 6 5 13 14 9 10 2 7 4 14 13 3 5 13 12 14 9 11 14 13 4 14 7 7 5 5 13 6 8 15 
3 12 0 14 5 4 4 2 3 14 12 4 12 9 5 10 0 2 15 14 14 0 0 9 4 3 4 5 8 11 11 4 
15 2 0 5 14 13 14 10 6 9 14 1 1 7 6 8 0 1 9 1 13 14 9 15 0 6 14 6 6 7 1 8 
