1 15 9 12 8 1 8 4 3 8 4 5 13 14 9 13 12 5 2 13 13 8 9 10 1 14 1 10 0 4 1 10 
0 7 12 13 7 13 5 1 14 8 5 3 10 15 13 2 12 3 2 8 5 8 13 5 11 0 15 15 4 8 3 8 
1 7 1 4 6 0 0 10 13 9 8 6 6 13 5 10 9 6 2 11 3 5 0 9 11 11 4 3 15 12 1 5 
4 0 6 12 11 7 8 15 1 11 11 15 0 8 3 9 13 8 12 8 12 0 0 14 13 4 4 14 7 3 12 1 
9 1 15 11 10 9 0 12 7 1 15 11 14 8 13 9 8 14 14 8 0 6 2 5 15 8 12 8 15 9 15 14 
15 13 13 3 6 7 15 5 0 2 7 10 10 2 6 7 4 0 0 10 0 5 3 13 11 13 9 5 12 11 15 12 
3 7 4 11 3 11 6 12 9 9 0 4 7 7 11 6 6 1 10 3 1 6 0 11 12 15 7 12 5 14 12 7 
8 13 13 13 12 11 11 11 9 8 10 15 1 14 4 1 10 6 11 12 6 12 6 13 1 10 15 14 14 14 14 14 
4 3 4 13 6 1 15 7 14 5 14 12 12 4 2 11 13 8 8 8 7 9 3 8 12 12 15 12 4 0 13 5 
11 8 2 4 5 8 10 6 0 15 5 4 5 1 12 11 0 14 14 6 11 4 12 11 11 0 0 6 4 0 6 11 
5 6 14 2 6 7 5 6 10 4 11 14 14 6 15 3 14 1 1 2 3 5 14 3 14 7 12 6 6 6 1 11 
