0 1 12 8 11 0 4 14 8 12 12 7 12 7 12 13 14 15 15 0 10 8 12 2 7 5 13 14 6 13 8 6 
8 15 10 11 5 11 4 1 6 8 15 7 3 7 8 10 14 13 10 0 5 14 3 14 14 12 8 10 7 4 8 9 
6 14 12 9 12 6 13 3 10 7 3 10 8 1 11 6 15 13 9 3 1 11 14 13 3 9 15 13 3 2 15 8 
6 8 3 15 5 1 4 12 4 12 14 6 7 7 5 3 9 14 0 5 10 7 13 1 4 1 8 15 3 2 0 10 
10 9 0 2 9 11 9 10 0 11 4 11 10 3 6 3 10 12 10 7 15 9 2 15 9 0 6 15 12 12 0 5 
6 7 15 9 14 8 11 0 11 4 15 14 12 9 1 14 4 8 7 4 14 2 1 15 9 15 4 3 5 2 12 2 
12 8 13 2 10 10 0 9 5 6 15 6 6 3 6 8 3 11 8 0 0 3 13 13 4 5 8 15 7 13 0 7 
10 0 2 13 3 10 1 1 5 11 2 1 6 6 8 14 14 9 14 14 5 4 6 5 9 9 9 13 5 6 10 7 
0 8 15 11 14 5 15 8 10 11 12 13 10 3 3 13 13 8 9 13 1 3 10 8 3 8 13 0 2 9 10 5 
4 6 15 5 9 5 11 6 9 3 0 13 12 9 3 0 12 11 3 1 5 12 5 12 4 15 0 7 8 14 9 9 
7 1 9 8 1 7 4 15 3 10 13 9 2 15 2 7 13 9 0 4 14 4 1 1 10 13 14 7 12 6 8 7 
7 1 9 8 1 7 4 15 3 10 13 9 2 15 2 7 13 9 0 4 14 4 1 1 10 13 14 7 12 6 8 7 
3 5 10 13 14 4 0 9 3 12 10 4 13 2 6 13 10 13 9 7 13 6 13 1 7 4 10 4 3 2 2 8 
14 0 11 10 14 5 3 14 2 11 5 13 2 2 2 5 10 4 3 10 1 13 12 14 5 0 8 8 8 6 3 3 
