8 2 15 5 0 15 15 4 13 14 3 14 3 13 5 9 13 13 9 10 8 6 2 4 13 10 15 0 13 2 4 12 
9 12 5 11 13 12 2 3 11 5 0 4 6 15 8 6 15 10 9 6 11 14 4 8 0 11 0 13 0 4 4 1 
11 9 4 4 4 3 8 11 2 10 6 8 15 3 14 5 9 11 5 9 6 6 15 15 13 2 7 14 9 6 2 7 
10 5 5 13 1 10 4 15 5 2 13 11 13 7 6 10 1 8 5 7 9 4 11 3 9 5 0 0 6 2 0 12 
6 2 8 6 8 9 2 5 5 10 4 9 2 11 11 4 9 4 2 8 13 5 10 15 7 0 10 7 14 1 8 2 
15 8 7 15 4 5 13 4 15 5 0 14 11 0 14 11 12 8 9 5 6 12 3 0 0 11 11 11 13 11 7 11 
4 12 12 1 13 3 4 10 10 2 5 5 14 10 6 2 3 14 12 5 13 12 8 11 6 6 10 11 12 9 8 6 
15 10 12 12 9 0 6 11 14 0 12 2 0 7 2 14 1 8 10 2 0 10 10 5 9 2 13 6 2 13 4 6 
15 11 15 13 8 15 10 0 12 13 13 4 0 6 1 6 4 6 7 13 10 9 5 14 11 1 3 11 1 13 0 13 
8 12 13 8 9 7 14 13 3 13 12 1 15 3 3 1 12 13 8 2 4 11 2 11 10 8 12 11 7 5 13 5 
3 1 7 1 3 6 0 11 1 7 5 0 15 13 11 11 4 1 10 1 3 10 4 10 2 14 7 1 11 3 1 2 
7 4 9 12 5 1 15 6 14 6 6 14 4 8 1 12 11 11 5 13 10 3 10 8 14 13 11 7 4 4 0 1 
2 2 6 4 10 0 2 6 7 4 10 9 15 10 11 3 12 5 2 6 9 10 4 5 1 13 0 10 2 9 12 13 
