11 7 4 7 10 6 5 14 5 4 13 0 8 4 6 2 12 0 1 5 1 3 11 0 6 1 10 11 8 9 11 7 
12 14 10 6 15 13 9 13 1 1 11 1 12 0 10 1 11 11 13 6 5 9 2 9 11 15 11 5 4 1 9 12 
14 3 13 7 1 3 15 6 9 0 15 5 13 1 5 9 6 2 4 0 8 6 10 2 5 11 11 5 9 4 6 13 
0 15 5 14 11 10 15 12 0 11 13 6 7 5 0 13 5 1 15 4 4 8 3 13 7 6 7 12 12 14 1 13 
14 1 7 14 5 14 5 7 12 9 6 6 15 9 10 7 15 6 8 0 3 0 1 8 4 6 3 14 7 7 10 10 
3 3 14 15 14 11 5 10 1 0 0 0 12 1 2 5 10 2 4 0 2 14 6 6 4 2 4 10 6 7 15 8 
9 6 13 2 2 9 10 11 15 10 9 14 4 9 5 6 10 8 1 3 6 12 4 2 1 4 8 6 13 8 12 14 
11 13 3 3 15 1 12 9 11 6 9 4 4 7 1 6 6 3 3 9 15 5 13 13 1 7 10 9 10 5 11 13 
7 6 6 14 6 1 6 2 10 9 15 12 15 4 13 15 0 15 15 13 13 11 11 3 11 13 15 12 15 5 6 11 
0 0 11 0 10 2 7 2 1 0 0 7 12 2 2 9 10 10 8 2 7 9 8 12 7 10 12 14 4 4 4 15 
8 10 2 11 4 8 1 5 4 12 15 7 3 11 2 11 6 15 0 15 15 3 7 4 9 11 11 0 0 5 14 1 
