1 7 0 0 0 7 9 1 13 4 14 13 12 8 13 10 8 0 6 7 7 8 9 10 15 3 7 15 2 4 7 4 
9 8 0 2 13 15 9 13 10 3 4 13 15 11 13 11 1 0 7 5 0 7 1 9 6 13 9 0 9 4 5 4 
7 2 6 13 5 10 15 8 2 3 9 9 11 12 10 11 8 4 2 6 12 8 7 14 10 12 15 14 12 4 6 2 
3 8 10 6 8 10 6 14 5 0 4 10 3 7 10 3 12 2 0 10 1 13 1 13 7 5 13 6 9 4 9 0 
3 10 12 13 6 5 11 2 5 10 6 10 8 5 2 3 11 1 6 8 12 0 12 13 7 4 14 10 0 9 4 13 
6 14 5 13 11 7 1 4 15 13 0 6 10 13 15 4 14 8 3 11 4 13 3 6 6 2 14 10 5 6 3 15 
3 13 13 6 3 4 7 11 8 2 15 6 15 15 0 7 15 10 2 14 5 11 4 9 1 8 14 5 9 6 10 10 
2 8 7 2 12 3 11 10 10 5 9 3 15 2 12 13 2 0 6 3 4 13 4 1 12 5 5 10 2 6 10 10 
15 2 7 8 1 0 1 15 11 14 14 10 12 2 6 6 11 1 9 0 6 12 12 10 0 2 11 15 12 8 11 13 
2 14 13 5 11 13 6 4 15 0 14 0 7 9 7 7 5 15 13 3 3 13 3 0 7 15 2 6 14 0 2 4 
11 15 8 0 7 1 1 4 14 9 3 8 4 11 14 9 7 5 4 1 13 9 3 2 0 13 8 9 15 6 7 1 
