0 7 11 13 8 0 15 3 10 15 5 3 4 1 3 9 13 9 4 5 10 11 14 7 7 15 9 15 15 6 7 3 
10 10 13 0 10 10 4 12 9 12 8 11 7 6 10 4 15 6 1 14 14 5 13 6 14 6 0 3 3 10 10 9 
14 14 3 4 4 15 10 15 13 2 4 14 13 7 13 11 10 6 9 7 15 6 15 12 6 2 10 13 7 7 10 7 
12 10 14 8 12 15 6 0 6 7 15 8 13 12 14 11 3 0 13 1 7 14 8 15 15 2 7 13 9 5 7 6 
4 13 5 13 0 2 13 9 2 6 9 3 1 0 11 4 9 15 13 10 14 13 15 15 9 10 0 10 7 4 11 6 
1 8 10 1 14 1 7 13 3 10 13 2 2 13 8 14 13 0 6 10 12 0 11 9 15 8 6 2 1 14 11 7 
7 7 15 13 4 2 2 13 5 2 12 8 12 6 9 7 4 12 13 11 6 5 0 0 4 11 11 1 4 8 11 13 
8 6 1 4 0 0 14 4 5 15 4 3 7 2 0 12 12 13 15 5 3 0 5 2 7 12 15 7 11 14 12 0 
14 4 1 4 11 4 11 7 1 2 9 4 2 7 10 5 9 3 15 3 15 13 15 5 4 1 0 12 11 5 3 7 
4 10 5 0 9 11 15 10 14 15 3 8 11 0 7 4 10 8 10 3 12 8 12 10 0 5 11 2 3 2 3 9 
1 5 3 12 1 2 10 1 12 1 14 7 8 7 11 9 11 6 12 9 0 8 0 1 11 6 15 4 7 8 13 4 
15 13 4 3 14 15 2 3 10 2 9 13 2 6 14 8 15 5 1 14 12 8 10 4 10 1 9 13 4 9 7 9 
